0.059313206993 61.1165
0.159313204014 59.7423
0.259313201037 59.5805
0.265216751537 4.60634
0.265861529489 54.516
0.359313198063 45.0433
0.459313195092 59.617
0.559313192124 52.1507
0.564737511663 62.2452
0.565069511663 56.0374
0.565530972635 58.1995
0.565889972635 57.3737
0.566400433607 53.4936
0.566786433607 52.3527
0.65931318916 48.4958
0.759313186199 58.954
0.859313183241 53.2149
0.959313180286 52.1862
1.059313177335 60.5363
1.159313174386 60.7419
1.259313171442 55.0487
1.359313168501 60.5679
1.459313165563 48.9481
1.559313162629 44.4646
1.659313159698 61.8973
1.759313156771 58.6163
1.859313153848 50.6216
1.959313150929 44.8357
2.059313148013 57.3377
2.159313145101 55.6075
2.259313142193 60.5858
2.359313139289 54.2967
2.459313136388 55.2847
2.559313133492 59.9579
2.6593131306 56.9796
2.759313127712 52.7718
2.859313124828 57.6127
2.959313121949 57.5229
3.059313119074 55.3015
3.159313116203 58.9607
3.259313113336 53.7067
3.359313110474 54.4619
3.459313107617 60.011
3.559313104764 59.6374
3.659313101915 59.3094
3.759313099072 56.4184
3.859313096233 47.4289
3.959313093399 58.2833
4.05931309057 56.635
4.159313087745 54.732
4.259313084926 57.8532
4.359313082112 55.982
4.459313079303 57.9799
4.5593130765 53.5824
4.659313073701 61.7981
4.759313070908 60.2119
4.859313068121 56.69
4.959313065339 57.2395
5.059313062563 51.4715
5.159313059792 51.4555
5.259313057027 59.0171
5.359313054268 59.64
5.459313051515 55.2281
5.559313048768 58.9537
5.659313046027 54.6285
5.759313043292 58.3946
5.859313040564 62.874
5.959313037842 54.2489
6.059313035126 48.4418
6.159313032417 56.1019
6.259313029714 53.6942
6.359313027018 64.411
6.459313024329 55.1076
6.559313021647 59.4644
6.659313018972 59.925
6.759313016305 63.1837
6.859313013644 59.2643
6.959313010991 57.4776
7.059313008345 57.2673
7.159313005707 54.6412
7.259313003076 46.9072
7.359313000453 57.2455
7.459312997838 56.7089
7.559312995231 57.6733
7.659312992632 44.6437
7.759312990042 64.4054
7.85931298746 62.5263
7.959312984886 53.4423
8.059312982321 58.5311
8.159312979764 57.9763
8.259312977217 55.1268
8.359312974679 51.1346
8.459312972149 59.4446
8.559312969629 62.8672
8.659312967119 53.8309
8.759312964618 59.7648
8.859312962126 46.9024
8.959312959645 65.285
9.059312957173 63.4471
9.159312954712 61.4931
9.259312952261 61.715
9.35931294982 54.8543
9.45931294739 62.416
9.559312944971 55.8455
9.659312942563 61.567
9.759312940165 49.675
9.859312937779 53.1371
9.959312935405 61.4446
10.059312933042 54.8251
10.159312930691 52.4354
10.259312928352 58.5243
10.359312926025 60.0079
10.45931292371 54.286
10.559312921408 60.7782
10.659312919119 56.859
10.759312916842 42.2676
10.859312914579 58.3294
10.959312912328 59.5595
11.059312910092 63.1623
11.159312907869 63.9291
11.25931290566 59.551
11.359312903465 64.2119
11.459312901284 61.0243
11.559312899118 61.8206
11.659312896966 58.8951
11.75931289483 63.5979
11.859312892709 62.9503
11.959312890603 62.5593
12.059312888512 62.6481
12.159312886438 63.2787
12.25931288438 61.2575
12.359312882338 60.8686
12.459312880313 59.8008
12.559312878304 56.1592
12.659312876313 59.9962
12.759312874339 61.1804
12.859312872382 57.633
12.959312870443 57.4189
13.059312868523 55.6447
13.15931286662 63.4886
13.259312864737 50.2011
13.359312862872 54.5309
13.459312861026 65.2386
13.5593128592 66.8555
13.659312857393 63.2003
13.759312855606 61.211
13.859312853839 56.034
13.959312852093 49.0642
14.059312850368 62.4445
14.159312848663 62.503
14.25931284698 64.7826
14.359312845319 59.0743
14.459312843679 63.1588
14.559312842061 59.9963
14.659312840466 58.4744
14.759312838894 60.8522
14.859312837344 66.5014
14.959312835818 62.999
15.059312834315 65.76
15.159312832837 59.5114
15.259312831382 65.1778
15.359312829952 52.0924
15.459312828547 53.2135
15.559312827166 64.9856
15.659312825811 66.3107
15.759312824481 63.3638
15.859312823177 68.0442
15.9593128219 65.5871
16.059312820648 66.672
16.159312819424 58.0971
16.259312818226 58.0426
16.359312817056 58.5092
16.459312815913 60.7632
16.559312814798 55.4677
16.659312813711 60.2155
16.759312812652 56.0151
16.859312811622 61.0926
16.95931281062 57.7029
17.059312809648 64.419
17.159312808705 65.7345
17.259312807791 63.7459
17.359312806907 55.3156
17.459312806053 64.4601
17.55931280523 67.5201
17.659312804436 52.5542
17.759312803674 56.732
17.859312802942 60.9611
17.959312802242 53.1449
18.059312801572 52.51
18.159312800934 59.4008
18.259312800328 59.0844
18.359312799753 60.8751
18.459312799211 55.9937
18.5593127987 58.3483
18.659312798222 58.351
18.759312797776 65.8475
18.859312797362 56.0033
18.959312796981 55.4457
19.059312796633 65.7447
19.159312796318 65.3518
19.259312796036 69.8179
19.359312795787 51.1487
19.45931279557 65.6059
19.559312795387 58.663
19.659312795237 52.5979
19.759312795121 63.9943
19.859312795037 65.2798
19.959312794987 65.8892
20.059312794971 56.6878
20.159312794987 55.7613
20.259312795037 60.8905
20.359312795121 63.7553
20.459312795237 64.2699
20.559312795387 62.6938
20.65931279557 63.8126
20.759312795787 58.1108
20.859312796036 59.4841
20.959312796318 65.7875
21.059312796633 54.4926
21.159312796981 62.3813
21.259312797362 56.4802
21.359312797776 65.4102
21.459312798222 63.0215
21.5593127987 54.8558
21.659312799211 66.2036
21.759312799753 63.7563
21.859312800328 64.8396
21.959312800934 67.2625
22.059312801572 54.5145
22.159312802242 57.6471
22.259312802942 65.3277
22.359312803674 49.7206
22.459312804436 63.406
22.55931280523 54.0649
22.659312806053 63.4212
22.759312806907 60.8615
22.859312807791 60.1351
22.959312808705 54.746
23.059312809648 60.3383
23.15931281062 64.9567
23.259312811622 61.0091
23.359312812652 56.553
23.459312813711 65.2012
23.559312814798 61.9001
23.659312815913 65.3361
23.759312817056 61.8641
23.859312818226 71.3605
23.959312819424 63.62
24.059312820648 65.3657
24.1593128219 49.8032
24.259312823177 62.1329
24.359312824481 63.3006
24.459312825811 58.1807
24.559312827166 58.1911
24.659312828547 52.1574
24.759312829952 66.3539
24.859312831382 45.6026
24.959312832837 59.6871
25.059312834315 67.5813
25.159312835818 54.3018
25.259312837344 62.4146
25.359312838894 65.8136
25.459312840466 58.2787
25.559312842061 62.9715
25.659312843679 46.2075
25.759312845319 65.7097
25.85931284698 58.6733
25.959312848663 60.3951
26.059312850368 65.7172
26.159312852093 63.6191
26.259312853839 48.113
26.359312855606 61.2552
26.459312857393 53.568
26.5593128592 61.3369
26.659312861026 62.6697
26.759312862872 59.4623
26.859312864737 53.8558
26.95931286662 34.9855
27.059312868523 61.1381
27.159312870443 54.7472
27.259312872382 57.5193
27.359312874339 60.0123
27.459312876313 57.7308
27.559312878304 48.8334
27.659312880313 61.5059
27.759312882338 59.0997
27.85931288438 59.3105
27.959312886438 49.984
28.059312888512 63.0891
28.159312890603 65.3705
28.259312892709 62.3275
28.35931289483 61.9139
28.459312896966 59.2605
28.559312899118 64.7628
28.659312901284 57.8652
28.759312903465 58.3296
28.85931290566 54.2066
28.959312907869 39.1668
29.059312910092 52.4443
29.159312912328 55.092
29.259312914579 55.5528
29.359312916842 57.5979
29.459312919119 64.1754
29.559312921408 55.4375
29.65931292371 61.8946
29.759312926025 48.0658
29.859312928352 57.3336
29.959312930691 60.204
30.059312933042 61.3903
30.159312935405 66.4689
30.259312937779 58.0202
30.359312940165 53.0325
30.459312942563 56.9196
30.559312944971 56.888
30.65931294739 58.3281
30.75931294982 63.9465
30.859312952261 60.7069
30.959312954712 47.3297
31.059312957173 54.7203
31.159312959645 53.7481
31.259312962126 62.241
31.359312964618 61.4782
31.459312967119 64.6262
31.559312969629 53.5376
31.659312972149 59.664
31.759312974679 50.3595
31.859312977217 60.8771
31.959312979764 62.9484
32.059312982321 51.0472
32.159312984886 61.8637
32.25931298746 60.5898
32.359312990042 59.248
32.459312992632 60.7321
32.559312995231 56.0611
32.659312997838 54.8483
32.759313000453 47.6788
32.859313003076 59.6925
32.959313005707 61.8147
33.059313008345 59.8487
33.159313010991 46.2862
33.259313013644 63.9863
33.359313016305 56.9383
33.459313018972 51.9093
33.559313021647 61.1202
33.659313024329 48.2853
33.759313027018 53.4201
33.859313029714 58.9772
33.959313032417 49.0093
34.059313035126 55.5028
34.159313037842 55.3674
34.259313040564 55.0723
34.359313043292 55.2926
34.459313046027 51.5454
34.559313048768 60.6615
34.659313051515 54.749
34.759313054268 61.6809
34.859313057027 58.6801
34.959313059792 36.6513
35.059313062563 54.5044
35.159313065339 61.1716
35.259313068121 57.7616
35.359313070908 56.0509
35.459313073701 52.9868
35.5593130765 56.0132
35.659313079303 61.6942
35.759313082112 56.6561
35.859313084926 60.2984
35.959313087745 57.2618
36.05931309057 46.3808
36.159313093399 53.578
36.259313096233 50.0033
36.359313099072 60.9627
36.459313101915 53.6431
36.559313104764 58.7984
36.659313107617 50.755
36.759313110474 54.7546
36.859313113336 59.5741
36.959313116203 61.9823
37.059313119074 51.0233
37.159313121949 53.9009
37.259313124828 60.5755
37.359313127712 54.304
37.4593131306 56.4519
37.559313133492 60.4365
37.659313136388 49.4011
37.759313139289 61.5111
37.859313142193 49.4762
37.959313145101 53.117
38.059313148013 48.7506
38.159313150929 56.9599
38.259313153848 53.2519
38.359313156771 59.6194
38.459313159698 48.9599
38.559313162629 49.6956
38.659313165563 49.1593
38.759313168501 45.0266
38.859313171442 55.1333
38.959313174386 59.9168
39.059313177335 58.7577
39.159313180286 56.8403
39.259313183241 48.9662
39.359313186199 51.6145
39.45931318916 58.5554
39.559313192124 55.5388
39.659313195092 59.6824
39.759313198063 59.1054
39.859313201037 41.3918
39.959313204014 58.1096
40.059313206993 55.4205
40.159313209976 50.4413
40.259313212962 56.6803
40.359313215951 45.5833
40.459313218943 50.6044
40.559313221937 52.6384
40.659313224934 58.4124
40.759313227935 47.8899
40.859313230937 60.7044
40.959313233943 55.4111
41.059313236951 58.9628
41.159313239962 57.2776
41.259313242975 52.586
41.359313245991 55.1036
41.45931324901 49.8968
41.559313252031 54.5978
41.659313255055 63.7263
41.759313258081 53.2225
41.85931326111 42.3116
41.959313264141 55.5872
42.059313267174 53.4806
42.15931327021 51.6767
42.259313273248 54.5146
42.359313276288 52.9464
42.459313279331 51.1905
42.559313282376 49.1707
42.659313285423 47.1615
42.759313288472 50.4291
42.859313291524 55.6252
42.959313294577 51.0206
43.059313297633 57.7503
43.159313300691 55.5399
43.259313303751 55.5614
43.359313306813 57.7173
43.459313309878 55.9159
43.559313312944 51.9648
43.659313316012 55.5722
43.759313319082 52.3601
43.859313322154 51.6618
43.959313325228 54.9361
44.059313328304 49.823
44.159313331382 53.956
44.259313334462 58.904
44.359313337543 44.6927
44.459313340627 52.5319
44.559313343712 58.1268
44.659313346799 53.2869
44.759313349888 37.7061
44.859313352979 52.738
44.959313356071 52.6497
45.059313359165 47.4305
45.159313362261 51.9375
45.259313365358 53.6112
45.359313368457 43.5359
45.459313371558 49.409
45.559313374661 58.7474
45.659313377765 47.9802
45.75931338087 53.0529
45.859313383978 50.4586
45.959313387086 53.1433
46.059313390197 32.4871
46.159313393309 59.4431
46.259313396422 48.164
46.359313399537 53.5642
46.459313402653 57.7324
46.559313405771 53.6727
46.659313408891 54.4221
46.759313412012 54.8515
46.859313415134 57.1821
46.959313418258 50.0588
47.059313421383 46.2461
47.159313424509 52.6365
47.259313427637 44.148
47.359313430767 52.8894
47.459313433897 51.0723
47.559313437029 55.1347
47.659313440162 44.077
47.759313443297 57.4638
47.859313446433 42.7083
47.95931344957 57.2006
48.059313452709 56.6906
48.159313455849 53.3613
48.25931345899 53.9322
48.359313462132 58.5782
48.459313465275 44.9431
48.55931346842 52.5938
48.659313471566 56.4646
48.759313474713 46.9106
48.859313477861 49.7326
48.959313481011 43.921
49.059313484162 46.6107
49.159313487313 55.9872
49.259313490466 60.3858
49.35931349362 57.4042
49.459313496776 54.9036
49.559313499932 57.4572
49.659313503089 54.4569
49.759313506248 51.6528
49.859313509408 55.1995
49.959313512568 53.3878
50.05931351573 38.0576
50.159313518893 55.7256
50.259313522057 46.6351
50.359313525222 42.386
50.459313528387 52.6001
50.559313531554 32.4762
50.659313534722 49.6274
50.759313537891 44.1772
50.859313541061 49.7737
50.959313544232 56.2252
51.059313547404 47.7267
51.159313550577 41.0792
51.259313553751 54.109
51.359313556925 46.7426
51.459313560101 50.8501
51.559313563278 57.0434
51.659313566455 47.4786
51.759313569634 46.0503
51.859313572813 53.0116
51.959313575993 51.1667
52.059313579174 44.0528
52.159313582357 48.318
52.259313585539 52.9076
52.359313588723 56.6367
52.459313591908 55.2676
52.559313595093 52.8829
52.65931359828 52.9672
52.759313601467 56.1317
52.859313604655 41.2369
52.959313607844 46.686
53.059313611033 49.1803
53.159313614224 58.5009
53.259313617415 51.0284
53.359313620607 54.6168
53.4593136238 54.9024
53.559313626994 34.9646
53.659313630188 55.4488
53.759313633384 48.5121
53.85931363658 58.528
53.959313639776 51.2565
54.059313642974 55.0605
54.159313646172 54.3362
54.259313649371 54.7516
54.359313652571 50.8536
54.459313655771 45.7253
54.559313658973 37.5061
54.659313662174 46.9174
54.759313665377 48.5641
54.85931366858 55.3931
54.959313671784 47.6272
55.059313674989 47.4259
55.159313678195 50.4204
55.259313681401 34.6529
55.359313684607 50.4203
55.459313687815 54.2265
55.559313691023 49.3598
55.659313694232 54.6491
55.759313697441 43.2627
55.859313700651 56.1367
55.959313703862 47.2438
56.059313707074 56.3302
56.159313710286 54.005
56.259313713498 46.641
56.359313716712 52.2171
56.459313719926 46.4581
56.55931372314 56.0169
56.659313726355 46.1793
56.759313729571 53.2149
56.859313732787 53.3201
56.959313736004 32.3697
57.059313739222 51.5325
57.15931374244 54.442
57.259313745659 48.4797
57.359313748878 57.3118
57.459313752098 47.6523
57.559313755319 54.5612
57.65931375854 51.6938
57.759313761761 49.9887
57.859313764984 51.7364
57.959313768206 48.9369
58.05931377143 40.8171
58.159313774654 50.3042
58.259313777878 52.706
58.359313781103 47.9661
58.459313784328 53.0671
58.559313787554 54.891
58.659313790781 51.4684
58.759313794008 53.4343
58.859313797236 55.6853
58.959313800464 54.9202
59.059313803692 44.3374
59.159313806921 51.3258
59.259313810151 46.9736
59.359313813381 53.0347
59.459313816612 44.3115
59.559313819843 54.9007
59.659313823075 42.3395
59.759313826307 42.6769
59.859313829539 40.2279
59.959313832772 51.558
60.059313836006 48.9159
60.15931383924 52.0093
60.259313842475 39.6462
60.35931384571 50.425
60.459313848945 54.628
60.559313852181 44.1231
60.659313855417 51.9713
60.759313858654 50.3191
60.859313861891 53.2632
60.959313865129 56.5897
61.059313868367 52.2084
61.159313871606 44.9295
61.259313874845 50.9306
61.359313878085 53.2117
61.459313881324 47.4084
61.559313884565 52.2091
61.659313887806 51.6036
61.759313891047 47.0625
61.859313894289 55.4618
61.959313897531 54.6033
62.059313900773 55.4589
62.159313904016 53.5527
62.259313907259 53.3554
62.359313910503 39.2409
62.459313913747 52.9413
62.559313916992 46.6305
62.659313920237 45.9664
62.759313923482 41.3493
62.859313926728 53.6674
62.959313929974 50.1639
63.05931393322 51.946
63.159313936467 52.3285
63.259313939714 42.6186
63.359313942962 49.1247
63.45931394621 52.0049
63.559313949458 49.2556
63.659313952707 38.9008
63.759313955956 49.7214
63.859313959206 51.1356
63.959313962456 58.1104
64.059313965706 55.7065
64.159313968957 52.9729
64.259313972208 39.6912
64.359313975459 52.6835
64.459313978711 55.7709
64.559313981963 42.2602
64.659313985215 51.8391
64.759313988468 47.6699
64.859313991721 47.9189
64.959313994974 41.1931
65.059313998228 45.7247
65.159314001482 48.061
65.259314004737 53.4748
65.359314007992 49.3652
65.459314011247 45.3872
65.559314014502 54.4864
65.659314017758 39.3536
65.759314021014 48.4938
65.859314024271 42.3743
65.959314027527 50.2244
66.059314030784 51.9907
66.159314034042 48.7398
66.2593140373 49.5071
66.359314040558 43.9412
66.459314043816 52.5628
66.559314047075 47.3304
66.659314050334 39.2257
66.759314053593 49.9781
66.859314056853 49.4806
66.959314060112 49.012
67.059314063373 50.5068
67.159314066633 45.9425
67.259314069894 47.8446
67.359314073155 46.3577
67.459314076416 49.735
67.559314079678 54.4709
67.65931408294 42.2554
67.759314086202 47.179
67.859314089465 44.4585
67.959314092728 49.3357
68.059314095991 48.0172
68.159314099254 44.8552
68.259314102518 50.4019
68.359314105782 41.3154
68.459314109046 48.4848
68.559314112311 49.1394
68.659314115576 39.4823
68.759314118841 37.2713
68.859314122106 52.3965
68.959314125372 46.0204
69.059314128637 51.2303
69.159314131904 44.9649
69.25931413517 49.8479
69.459314141704 42.4487
69.559314144971 46.3373
69.659314148238 40.3785
69.759314151506 33.5402
69.859314154774 52.4801
69.959314158042 34.1627
70.059314161311 40.662
70.159314164579 52.1655
70.359314171118 41.425
70.559314177657 38.6203
70.659314180927 52.6958
70.759314184197 48.3767
70.859314187467 43.8856
70.959314190738 54.0004
71.059314194009 45.2643
71.15931419728 47.1719
71.259314200552 51.168
71.359314203823 46.3162
71.459314207095 46.0142
71.559314210367 48.8368
71.65931421364 43.9576
71.759314216912 42.1136
71.859314220185 46.7227
71.959314223458 46.7489
72.059314226731 45.5598
72.159314230005 50.6824
72.259314233278 38.3549
72.359314236552 36.9653
72.459314239826 50.9397
72.559314243101 44.6962
72.659314246375 40.219
72.75931424965 42.0467
72.859314252925 54.892
72.9593142562 51.3171
73.059314259476 40.1879
73.159314262751 46.1005
73.259314266027 43.0226
73.359314269303 50.4342
73.45931427258 47.968
73.559314275856 49.2717
73.659314279133 35.8116
73.75931428241 47.7147
73.859314285687 48.9984
73.959314288964 42.0851
74.059314292242 47.1451
74.159314295519 48.1946
74.259314298797 51.3569
74.359314302075 48.6862
74.459314305354 47.48
74.559314308632 47.4966
74.659314311911 40.1387
74.75931431519 42.6106
74.859314318469 47.118
74.959314321748 51.4881
75.059314325027 48.7709
75.259314331587 47.7193
75.359314334867 45.6793
75.459314338147 46.2589
75.559314341428 49.0089
75.659314344708 52.7603
75.759314347989 42.9281
75.85931435127 50.1437
75.959314354551 50.198
76.059314357833 41.3448
76.159314361114 40.1494
76.259314364396 45.3412
76.359314367678 43.033
76.45931437096 42.5545
76.559314374242 43.0041
76.659314377524 48.6259
76.759314380807 49.2549
76.85931438409 50.9799
77.059314390656 49.7909
77.159314393939 55.5539
77.359314400506 48.4035
77.45931440379 39.0313
77.559314407074 38.8773
77.659314410358 46.8705
77.759314413642 37.7449
77.859314416927 38.6185
77.959314420211 48.7633
78.059314423496 50.3918
78.159314426781 49.7121
78.259314430066 45.4222
78.359314433351 45.2691
78.459314436637 46.4207
78.559314439922 44.9698
78.659314443208 51.5214
78.759314446494 46.2178
78.85931444978 32.8375
78.959314453066 53.6834
79.059314456353 53.7117
79.159314459639 46.2792
79.259314462926 42.4176
79.359314466213 41.6591
79.4593144695 51.371
79.559314472787 50.2201
79.659314476074 53.8661
79.759314479362 42.2184
79.859314482649 51.3236
80.059314489225 47.4456
80.159314492513 49.6995
80.259314495801 50.2938
80.35931449909 46.9054
80.459314502378 46.4224
80.559314505667 40.534
80.659314508956 47.6605
80.759314512244 49.6733
80.859314515534 49.5673
80.959314518823 46.443
81.159314525402 35.6247
81.259314528691 33.08
81.359314531981 44.8343
81.459314535271 42.6094
81.559314538561 46.3764
81.659314541851 45.9703
81.759314545141 47.2573
81.859314548432 49.4357
81.959314551723 46.7982
82.059314555013 48.2183
82.159314558304 45.3687
82.259314561595 42.3205
82.359314564886 50.3229
82.459314568178 44.8273
82.559314571469 52.4847
82.659314574761 49.8274
82.759314578052 47.2332
82.859314581344 45.483
82.959314584636 45.3778
83.059314587928 43.3183
83.15931459122 50.2279
83.259314594512 46.4384
83.359314597805 48.2947
83.459314601097 47.236
83.55931460439 48.8767
83.659314607683 50.2161
83.759314610976 48.7677
83.859314614269 47.7531
83.959314617562 38.854
84.059314620855 48.0743
84.159314624149 41.1591
84.259314627442 46.9482
84.359314630736 55.8522
84.45931463403 53.2353
84.559314637324 48.3782
84.659314640618 45.0328
84.759314643912 42.3116
84.859314647206 43.7383
84.959314650501 47.5436
85.059314653795 46.6638
85.15931465709 48.4381
85.359314663679 50.4578
85.459314666974 35.3884
85.659314673565 42.5478
85.75931467686 37.039
85.859314680156 45.7158
85.959314683451 49.196
86.059314686747 51.1375
86.159314690043 45.6772
86.259314693338 47.9598
86.359314696634 44.1717
86.459314699931 44.1557
86.559314703227 49.6262
86.659314706523 51.3036
86.759314709819 45.8514
86.859314713116 46.0492
86.959314716413 50.7291
87.059314719709 49.6395
87.159314723006 47.2169
87.259314726303 41.1263
87.3593147296 47.7688
87.459314732898 39.5735
87.559314736195 47.1194
87.659314739492 49.1884
87.75931474279 32.1395
87.859314746087 36.6467
87.959314749385 50.6313
88.059314752683 43.2342
88.159314755981 45.6934
88.259314759279 47.4928
88.359314762577 38.1874
88.459314765875 44.0917
88.559314769173 43.7311
88.659314772472 41.5613
88.75931477577 48.4829
88.859314779069 46.0429
88.959314782368 53.3268
89.059314785667 49.7896
89.259314792265 46.6098
89.359314795564 40.4595
89.459314798863 51.3383
89.559314802162 46.6584
89.659314805462 52.4985
89.759314808761 49.8553
89.859314812061 39.2523
89.95931481536 46.8353
90.05931481866 46.3055
90.15931482196 44.7702
90.25931482526 48.9745
90.35931482856 48.5495
90.45931483186 46.7557
90.659314838461 45.7561
90.759314841761 33.7691
90.859314845062 45.0221
90.959314848362 46.6476
91.059314851663 48.1196
91.159314854964 51.4591
91.259314858265 50.1505
91.359314861566 33.6872
91.459314864867 42.7482
91.559314868168 35.1389
91.659314871469 47.1057
91.759314874771 48.7942
91.859314878072 48.9459
91.959314881373 46.8213
92.059314884675 52.7294
92.159314887977 43.3218
92.259314891279 37.9744
92.35931489458 43.0955
92.459314897882 38.6756
92.559314901184 43.9151
92.659314904486 45.0824
92.759314907789 48.1334
92.859314911091 40.0702
92.959314914393 46.6723
93.059314917696 48.332
93.159314920998 47.2142
93.259314924301 44.5013
93.359314927604 44.1395
93.459314930906 36.106
93.559314934209 39.7349
93.659314937512 41.6455
93.759314940815 44.5266
93.859314944118 49.4008
93.959314947422 43.3597
94.159314954028 41.2171
94.259314957332 36.4695
94.359314960635 35.1649
94.459314963939 46.8562
94.559314967242 47.3543
94.659314970546 49.142
94.75931497385 34.6134
94.859314977154 42.6134
94.959314980458 48.1689
95.059314983762 47.4119
95.159314987066 43.7044
95.25931499037 36.195
95.359314993674 35.2612
95.459314996979 49.5981
95.559315000283 46.4042
95.659315003588 46.5542
95.759315006892 39.7859
95.859315010197 47.8491
95.959315013502 43.5607
96.059315016807 47.9171
96.159315020111 33.4204
96.259315023416 39.8459
96.359315026721 39.9383
96.459315030027 34.3927
96.559315033332 39.7778
96.659315036637 48.5161
96.759315039942 45.8008
96.859315043248 47.2388
96.959315046553 31.6153
97.059315049859 40.1623
97.159315053164 42.2155
97.25931505647 50.6986
97.359315059776 37.3211
97.459315063082 48.8626
97.559315066387 45.6042
97.659315069693 38.2524
97.759315072999 31.2438
97.859315076306 40.9734
97.959315079612 43.5098
98.059315082918 34.7105
98.159315086224 49.8507
98.259315089531 46.2628
98.359315092837 44.6729
98.459315096144 39.6441
98.55931509945 39.524
98.659315102757 48.2449
98.759315106064 47.4979
98.85931510937 44.0013
98.959315112677 38.6788
99.059315115984 47.3757
99.159315119291 39.5125
99.259315122598 47.0515
99.359315125905 46.3685
99.459315129212 39.3198
99.55931513252 39.4293
99.659315135827 42.238
99.759315139134 49.6666
99.859315142442 41.8403
