0.071551 25.6652
0.171551 25.7627
0.271551 25.8206
0.971551 25.8877
1.47155 26.0239
1.67155 26.1151
1.77155 26.1691
1.97155 26.2285
2.27155 26.2889
2.57155 26.3563
3.27155 26.4021
3.47155 26.4608
3.77155 26.6013
3.87155 26.6551
3.97155 26.7313
4.17155 26.786
4.27155 26.8682
4.77155 26.9035
4.97155 26.9868
5.47155 27.1153
5.57155 27.2569
5.97155 27.2884
6.07155 27.3385
6.27155 27.3691
6.57155 27.4527
6.77155 27.5457
6.97155 27.5946
7.17155 27.6228
7.67155 27.7006
7.77155 27.763
7.87155 27.7852
7.97155 27.8591
8.87155 27.9069
9.17155 27.9537
9.67155 28.0091
9.77155 28.0394
10.0716 28.0921
10.1716 28.1943
10.3716 28.2572
10.4716 28.3193
10.9716 28.396
11.2716 28.4365
11.4716 28.5244
11.7716 28.5824
12.2716 28.6677
12.4716 28.7314
12.5716 28.8017
12.7716 28.8326
13.3716 28.8433
13.4716 28.9773
13.8716 29.0301
14.0716 29.0662
14.1716 29.1022
14.5716 29.1337
14.9716 29.1571
15.0716 29.2252
15.4716 29.2477
15.5716 29.2644
15.9716 29.2801
16.1716 29.3663
16.2716 29.3883
16.4716 29.4248
16.7716 29.4302
16.8716 29.4573
17.0716 29.4826
17.2716 29.5975
17.4716 29.6539
17.7716 29.6738
17.9716 29.6918
18.3716 29.7299
18.4716 29.744
18.6716 29.8011
18.8716 29.8229
18.9716 29.8232
19.0716 29.8319
19.3716 29.8861
19.5716 29.9495
19.6716 29.9614
19.7716 29.9536
19.9716 29.9801
20.0716 29.9902
20.3716 30.0473
20.6715 30.0812
20.8715 30.1021
20.9715 30.1284
21.1715 30.1346
21.2715 30.1667
21.3715 30.206
22.1715 30.2392
22.4715 30.291
22.6715 30.3008
22.7715 30.3615
22.8715 30.3689
22.9715 30.3539
23.0715 30.3738
23.2715 30.359
23.3715 30.4249
23.4715 30.4182
23.5715 30.4286
23.7715 30.4775
23.8715 30.5092
23.9715 30.5607
24.0715 30.6321
24.2715 30.6813
24.3715 30.6945
24.5715 30.7348
24.7715 30.8062
24.9715 30.7865
25.0715 30.8219
25.2715 30.8447
25.3715 30.8426
25.4715 30.8746
25.5715 30.9355
25.9715 30.9295
26.1715 30.9988
26.2715 30.985
26.3715 31.0568
26.4715 31.0597
26.5715 31.19
26.6715 31.2296
26.8715 31.262
26.9715 31.2288
27.1715 31.3163
27.2715 31.3497
27.4715 31.403
27.6715 31.3786
27.8715 31.4952
27.9715 31.5664
28.0715 31.6723
28.7715 31.7128
29.1715 31.6903
29.3715 31.7527
29.5715 31.846
29.6715 31.9753
29.8715 32.0313
30.0715 31.9872
30.1715 32.0505
30.3715 32.021
30.6715 32.0147
30.7715 32.063
30.8715 32.031
31.0715 32.0424
31.1715 32.0835
31.2715 32.0427
31.3715 32.0005
31.5715 32.0209
31.6715 32.0792
31.7715 32.1124
31.9715 32.1264
32.0715 32.1068
32.1715 32.0958
32.2715 32.1788
32.3715 32.1898
32.5715 32.2205
32.6715 32.2254
32.7715 32.1808
32.8715 32.1773
32.9715 32.2277
33.1715 32.2423
33.3715 32.2724
33.4715 32.2943
33.5715 32.2949
33.6715 32.3113
33.7715 32.3344
33.8715 32.286
33.9715 32.2499
34.0715 32.2306
34.1715 32.2623
34.3715 32.2467
34.4715 32.2349
34.5715 32.2175
34.6715 32.2526
34.7715 32.2148
34.8715 32.2823
34.9715 32.312
35.0715 32.309
35.1715 32.3136
35.3715 32.2862
35.4715 32.3513
35.7715 32.3793
35.9715 32.3922
36.0715 32.373
36.1715 32.3396
36.2715 32.3578
36.3715 32.3451
36.4715 32.4017
36.6715 32.4461
36.8715 32.5395
36.9715 32.5785
37.0715 32.5568
37.1715 32.5531
37.3715 32.5478
37.4715 32.5601
37.5715 32.5174
37.7715 32.473
37.8715 32.4388
37.9715 32.4268
38.0715 32.3768
38.1715 32.3784
38.2715 32.3899
38.3715 32.4757
38.4715 32.5508
38.5715 32.5643
38.6715 32.5161
39.3715 32.5532
39.4715 32.5926
39.6715 32.64
39.9715 32.6034
40.0715 32.5943
40.1715 32.677
40.2715 32.7366
40.3715 32.7233
40.4715 32.6743
40.5715 32.7949
40.6715 32.7512
40.7715 32.7336
40.9715 32.6892
41.1715 32.6654
41.2715 32.6777
41.3715 32.7074
41.4715 32.8035
41.5715 32.7777
41.6715 32.8685
41.7715 32.887
41.8715 32.926
41.9715 32.8851
42.0715 32.9341
42.1715 32.8934
42.3715 32.8348
42.4715 32.8042
42.5715 32.8415
42.6715 32.7953
42.7715 32.8055
42.9715 32.8208
43.0715 32.9382
43.1715 32.9419
43.2715 32.9487
43.3715 32.9735
43.4715 32.9652
43.5715 32.9634
43.6715 32.9738
43.7715 33.0517
43.8715 33.0964
44.0715 33.0843
44.1715 33.0966
44.2715 33.166
44.3715 33.2156
44.4715 33.2077
44.5715 33.3029
44.6715 33.3149
44.8715 33.2728
45.0715 33.2824
45.2715 33.3608
45.3715 33.3267
45.5715 33.3218
45.7715 33.3141
45.9715 33.2865
46.0715 33.3014
46.3715 33.3638
46.5715 33.3014
46.6715 33.3938
46.7715 33.3798
46.8715 33.472
46.9715 33.4693
47.0715 33.5118
47.1715 33.5606
47.2715 33.6435
47.3715 33.718
47.4715 33.8059
47.5715 33.8531
47.6715 33.8037
47.7715 33.8373
47.8715 33.8624
47.9715 33.8447
48.0715 33.8473
48.2715 33.8957
48.3715 34.0199
48.4715 34.0879
48.5715 34.0448
48.6715 34.0909
48.7715 34.0426
48.8715 34.0819
48.9715 34.0198
49.0715 34.0743
49.1715 34.1182
49.3715 34.0636
49.4715 34.0695
49.5715 34.0984
49.6715 34.1244
49.8715 34.0641
49.9715 34.0883
50.0715 34.0455
50.1715 34.086
50.2715 34.1743
50.4715 34.1897
50.5715 34.1757
50.6715 34.0968
50.7715 34.1514
50.8715 34.2265
50.9715 34.1932
51.0715 34.2852
51.1715 34.2821
51.3715 34.2583
51.4715 34.4149
51.5715 34.4887
51.6715 34.5071
51.7715 34.5807
51.8715 34.6147
51.9715 34.6252
52.1715 34.6079
52.2715 34.6175
52.3715 34.7111
52.4715 34.7287
52.5715 34.8093
52.6715 34.8629
52.7715 34.9037
52.8715 34.8284
52.9715 34.8298
53.1715 34.8829
53.3715 34.9448
53.4715 34.9914
53.5715 35.0621
53.6715 34.9966
53.7715 34.956
53.8715 35.0414
53.9715 34.9635
54.0715 34.8939
54.2715 34.9198
54.4715 35.0089
54.5715 35.055
54.6715 35.0984
54.7715 35.0243
54.8715 35.0981
55.0715 35.162
55.1715 35.119
55.2715 35.1215
55.3715 35.0355
55.4715 35.0026
55.5715 35.0053
55.6715 35.0402
55.7715 35.1148
55.8715 35.0387
56.0715 35.1169
56.1715 35.1323
56.2715 35.1273
56.4715 35.2819
56.5715 35.3062
56.6715 35.4855
56.8715 35.5556
56.9715 35.6077
57.0715 35.6612
57.1715 35.7423
57.2715 35.7359
57.3715 35.6504
57.4715 35.5977
57.5715 35.6076
57.6715 35.6159
57.9715 35.6523
58.0715 35.6743
58.1715 35.6289
58.2715 35.5933
58.3715 35.5315
58.4715 35.543
58.5715 35.5899
58.6715 35.6558
58.7715 35.6817
58.8715 35.724
58.9715 35.716
59.0715 35.6325
59.1715 35.7608
59.2715 35.7698
59.3715 35.8409
59.4715 35.8798
59.5715 35.9202
59.7715 35.9565
59.8715 36.0777
59.9715 36.0524
60.0715 35.948
60.1715 36.0428
60.2715 35.9475
60.3715 35.9872
60.4715 35.9146
60.6715 35.9053
60.7715 35.8966
60.8715 35.8534
60.9715 35.7834
61.0715 35.7733
61.1715 35.769
61.2715 35.8782
61.3715 35.8669
61.4715 35.8376
61.5715 35.8662
61.7715 35.986
61.8715 35.9973
61.9715 35.9722
62.0715 36.0503
62.1715 36.2088
62.2715 36.2159
62.4715 36.2874
62.5715 36.2499
62.7715 36.3362
62.8715 36.4406
62.9715 36.5803
63.0715 36.4956
63.1715 36.5879
63.2715 36.6383
63.3715 36.5695
63.4715 36.6537
63.5715 36.7088
63.6715 36.7567
63.7715 36.7889
63.8715 36.7486
63.9715 36.8577
64.0715 36.86
64.1715 36.8313
64.2715 36.7612
64.3715 36.7529
64.4715 36.7734
64.5715 36.8835
64.6715 36.8076
64.7715 36.7579
64.8715 36.8507
64.9715 36.7651
65.0715 36.7862
65.1715 36.7661
65.2715 36.6644
65.3715 36.7012
65.4715 36.7631
65.5715 36.8107
65.6715 36.9057
65.7715 37.0058
65.8715 37.0256
65.9715 37.1014
66.0715 37.0952
66.1715 37.2179
66.2715 37.2716
66.3715 37.3859
66.4715 37.3591
66.5715 37.3751
66.6715 37.4475
66.7715 37.5009
66.8715 37.6259
66.9715 37.5996
67.0715 37.6363
67.1715 37.5966
67.2715 37.6617
67.3715 37.7662
67.4715 37.8064
67.5715 37.971
67.6715 37.8702
67.7715 37.9421
67.8715 37.8928
67.9715 37.9225
68.0715 37.9246
68.1715 37.9185
68.2715 37.9411
68.3715 37.9786
68.4715 37.989
68.5715 37.9788
68.6715 38.0683
68.7715 38.0314
68.8715 38.0743
68.9715 38.0752
69.0715 37.9683
69.1715 37.9706
69.2715 38.0288
69.3715 38.0317
69.4715 38.1417
69.5715 38.152
69.6715 38.23
69.7715 38.2509
69.8715 38.3335
69.9715 38.3148
70.0715 38.2999
70.1715 38.3156
70.2715 38.3464
70.3715 38.3234
70.4715 38.3135
70.5715 38.2972
70.6715 38.1529
70.7715 38.2087
70.8715 38.1954
70.9715 38.2596
71.0715 38.3938
71.1715 38.5674
71.2715 38.6385
71.3715 38.6362
71.4715 38.6648
71.5715 38.6168
71.6715 38.6858
71.7715 38.7042
71.8715 38.7302
71.9715 38.6446
72.0715 38.6744
72.1715 38.7537
72.2715 38.6478
72.3715 38.5766
72.4715 38.6193
72.5715 38.7266
72.6715 38.7576
72.7715 38.8634
72.8715 38.8865
73.0715 38.9506
73.1715 39.104
73.2715 39.0541
73.3715 39.0735
73.4715 39.1329
73.5715 39.2565
73.7715 39.339
73.8715 39.2169
73.9715 39.2632
74.0715 39.1738
74.1715 39.2408
74.2715 39.2644
74.3715 39.3681
74.4715 39.493
74.5715 39.6107
74.6715 39.7427
74.7715 39.7782
74.8715 39.7666
74.9715 39.8144
75.0715 39.8443
75.1715 39.9751
75.2715 40.0089
75.3715 40.0679
75.4715 40.1438
75.5715 40.0918
75.6715 40.239
75.7715 40.2961
75.8715 40.3482
75.9715 40.422
76.0715 40.4717
76.1715 40.6083
76.2715 40.5792
76.3715 40.6574
76.4715 40.6656
76.5715 40.7479
76.6715 40.6909
76.7715 40.8317
76.8715 40.8945
76.9715 40.9787
77.0715 41.0254
77.1715 41.0293
77.2715 41.0632
77.3715 41.2057
77.4715 41.3827
77.5715 41.4563
77.6715 41.547
77.7715 41.6345
77.8715 41.642
77.9715 41.6355
78.0715 41.7008
78.1715 41.7268
78.2715 41.7203
78.3715 41.8846
78.4715 42.0651
78.5715 42.1923
78.6715 42.0188
78.7715 42.1412
78.8715 42.2058
78.9715 42.1832
79.0715 42.1049
79.1715 42.2523
79.2715 42.2979
79.3715 42.4238
79.4715 42.4446
79.5715 42.5451
79.6715 42.5325
79.7715 42.5986
79.8715 42.5722
79.9715 42.6241
80.0715 42.6846
80.1715 42.7726
80.2715 42.8811
80.3715 42.9756
80.4715 43.0284
80.5715 43.0936
80.6715 43.1864
80.7715 43.309
80.8715 43.2768
80.9715 43.3314
81.0715 43.2674
81.1715 43.3691
81.2715 43.4825
81.3715 43.5314
81.4715 43.4737
81.5715 43.5907
81.6715 43.5743
81.7715 43.4506
81.8715 43.4955
81.9715 43.5981
82.0715 43.7486
82.1715 43.8824
82.2715 43.9908
82.3715 43.9626
82.4715 43.8187
82.5715 43.8005
82.6715 43.8629
82.7715 43.9757
82.8715 44.0661
82.9715 44.1464
83.0715 44.3164
83.1715 44.3606
83.2715 44.3958
83.3715 44.3535
83.4715 44.3119
83.5715 44.349
83.6715 44.4673
83.7715 44.4644
83.8715 44.6348
83.9715 44.6226
84.0715 44.7344
84.1715 44.8386
84.2715 44.8555
84.3715 44.9119
84.4715 44.997
84.5715 45.1228
84.6715 45.1259
84.7715 45.2045
84.8715 45.3069
84.9715 45.388
85.0715 45.5168
85.1715 45.545
85.2715 45.7189
85.3715 45.6947
85.4715 45.7233
85.5715 45.7513
85.6715 45.7954
85.7715 45.8486
85.8715 46.0033
85.9715 46.1044
86.0715 46.1558
86.1715 46.1714
86.2715 46.1369
86.3715 46.2338
86.4715 46.2575
86.5715 46.3385
86.6715 46.3234
86.7715 46.4203
86.8715 46.5125
86.9715 46.542
87.0715 46.6439
87.1715 46.672
87.2715 46.7103
87.3715 46.8796
87.4715 46.9137
87.5715 47.0446
87.6715 47.0796
87.7715 47.1152
87.8715 47.111
87.9715 47.2003
88.0715 47.212
88.1715 47.1857
88.2715 47.1148
88.3715 46.9983
88.4715 47.0071
88.5715 46.9281
88.6715 47.0715
88.7715 47.0845
88.8715 46.9625
88.9715 46.967
89.0715 46.9825
89.1715 47.0102
89.2715 47.0347
89.3715 47.0333
89.4715 47.0426
89.5715 47.1136
89.6715 47.1513
89.7715 47.1417
89.8715 46.9593
89.9715 47.0108
90.0715 46.9925
90.1715 47.0735
90.2715 46.9409
90.3715 47.048
90.4715 47.0558
90.5715 47.1151
90.6715 47.1113
90.7715 47.0524
90.8715 47.0439
90.9715 47.104
91.0715 47.1342
91.1715 47.1088
91.2715 47.1818
91.3715 47.2541
91.4715 47.2278
91.5715 47.2784
91.6715 47.2433
91.7715 47.0332
91.8715 47.0468
91.9715 47.0378
92.0715 47.0721
92.1715 47.0152
92.2715 46.9825
92.3715 47.0353
92.4715 47.0567
92.5715 47.1167
92.6715 47.1414
92.7715 46.9829
92.8715 46.9614
92.9715 46.7693
93.0715 46.7516
93.1715 46.7913
93.2715 46.5455
93.3715 46.4595
93.4715 46.5351
93.5715 46.4117
93.6715 46.4694
93.7715 46.3563
93.8715 46.2571
93.9715 46.2625
94.0715 46.2015
94.1715 46.2026
94.2715 46.1386
94.3715 46.1506
94.4715 46.0335
94.5715 45.9183
94.6715 45.9345
94.7715 45.9675
94.8715 45.9414
94.9715 45.7859
95.0715 45.87
95.1715 45.7401
95.2715 45.7358
95.3715 45.7689
95.4715 45.8447
95.5715 45.9155
95.6715 45.973
95.7715 45.8629
95.8715 45.8808
95.9715 45.8667
96.0715 45.8914
96.1715 45.8025
96.2715 45.7986
96.3715 45.7458
96.4715 45.7108
96.5715 45.7963
96.6715 45.6922
96.7715 45.648
96.8715 45.691
96.9715 45.7017
97.0715 45.5228
97.1715 45.4061
97.2715 45.4243
97.3715 45.3587
97.5715 45.3103
97.6715 45.3474
97.7715 45.3702
97.8715 45.1357
97.9715 45.1405
98.0715 45.0844
98.1715 45.079
98.2715 44.9726
98.3715 44.9212
98.4715 44.9288
98.5715 44.7592
98.6715 44.7832
98.7715 44.6542
98.8715 44.5189
98.9715 44.4255
99.0715 44.3679
99.1715 44.3156
99.2715 44.2003
99.3715 44.125
99.4715 44.1473
99.5715 44.1515
99.6715 44.0811
99.7715 44.0479
99.8715 44.0645
99.9715 43.9435
