0.0593132 61.1165
0.159313 59.7423
0.259313 59.5805
0.265217 4.60634
0.265862 54.516
0.359313 45.0433
0.459313 59.617
0.559313 52.1507
0.564738 62.2452
0.56507 56.0374
0.565531 58.1995
0.56589 57.3737
0.5664 53.4936
0.566786 52.3527
0.659313 48.4958
0.759313 58.954
0.859313 53.2149
0.959313 52.1862
1.05931 60.5363
1.15931 60.7419
1.25931 55.0487
1.35931 60.5679
1.45931 48.9481
1.55931 44.4646
1.65931 61.8973
1.75931 58.6163
1.85931 50.6216
1.95931 44.8357
2.05931 57.3377
2.15931 55.6075
2.25931 60.5858
2.35931 54.2967
2.45931 55.2847
2.55931 59.9579
2.65931 56.9796
2.75931 52.7718
2.85931 57.6127
2.95931 57.5229
3.05931 55.3015
3.15931 58.9607
3.25931 53.7067
3.35931 54.4619
3.45931 60.011
3.55931 59.6374
3.65931 59.3094
3.75931 56.4184
3.85931 47.4289
3.95931 58.2833
4.05931 56.635
4.15931 54.732
4.25931 57.8532
4.35931 55.982
4.45931 57.9799
4.55931 53.5824
4.65931 61.7981
4.75931 60.2119
4.85931 56.69
4.95931 57.2395
5.05931 51.4715
5.15931 51.4555
5.25931 59.0171
5.35931 59.64
5.45931 55.2281
5.55931 58.9537
5.65931 54.6285
5.75931 58.3946
5.85931 62.874
5.95931 54.2489
6.05931 48.4418
6.15931 56.1019
6.25931 53.6942
6.35931 64.411
6.45931 55.1076
6.55931 59.4644
6.65931 59.925
6.75931 63.1837
6.85931 59.2643
6.95931 57.4776
7.05931 57.2673
7.15931 54.6412
7.25931 46.9072
7.35931 57.2455
7.45931 56.7089
7.55931 57.6733
7.65931 44.6437
7.75931 64.4054
7.85931 62.5263
7.95931 53.4423
8.05931 58.5311
8.15931 57.9763
8.25931 55.1268
8.35931 51.1346
8.45931 59.4446
8.55931 62.8672
8.65931 53.8309
8.75931 59.7648
8.85931 46.9024
8.95931 65.285
9.05931 63.4471
9.15931 61.4931
9.25931 61.715
9.35931 54.8543
9.45931 62.416
9.55931 55.8455
9.65931 61.567
9.75931 49.675
9.85931 53.1371
9.95931 61.4446
10.0593 54.8251
10.1593 52.4354
10.2593 58.5243
10.3593 60.0079
10.4593 54.286
10.5593 60.7782
10.6593 56.859
10.7593 42.2676
10.8593 58.3294
10.9593 59.5595
11.0593 63.1623
11.1593 63.9291
11.2593 59.551
11.3593 64.2119
11.4593 61.0243
11.5593 61.8206
11.6593 58.8951
11.7593 63.5979
11.8593 62.9503
11.9593 62.5593
12.0593 62.6481
12.1593 63.2787
12.2593 61.2575
12.3593 60.8686
12.4593 59.8008
12.5593 56.1592
12.6593 59.9962
12.7593 61.1804
12.8593 57.633
12.9593 57.4189
13.0593 55.6447
13.1593 63.4886
13.2593 50.2011
13.3593 54.5309
13.4593 65.2386
13.5593 66.8555
13.6593 63.2003
13.7593 61.211
13.8593 56.034
13.9593 49.0642
14.0593 62.4445
14.1593 62.503
14.2593 64.7826
14.3593 59.0743
14.4593 63.1588
14.5593 59.9963
14.6593 58.4744
14.7593 60.8522
14.8593 66.5014
14.9593 62.999
15.0593 65.76
15.1593 59.5114
15.2593 65.1778
15.3593 52.0924
15.4593 53.2135
15.5593 64.9856
15.6593 66.3107
15.7593 63.3638
15.8593 68.0442
15.9593 65.5871
16.0593 66.672
16.1593 58.0971
16.2593 58.0426
16.3593 58.5092
16.4593 60.7632
16.5593 55.4677
16.6593 60.2155
16.7593 56.0151
16.8593 61.0926
16.9593 57.7029
17.0593 64.419
17.1593 65.7345
17.2593 63.7459
17.3593 55.3156
17.4593 64.4601
17.5593 67.5201
17.6593 52.5542
17.7593 56.732
17.8593 60.9611
17.9593 53.1449
18.0593 52.51
18.1593 59.4008
18.2593 59.0844
18.3593 60.8751
18.4593 55.9937
18.5593 58.3483
18.6593 58.351
18.7593 65.8475
18.8593 56.0033
18.9593 55.4457
19.0593 65.7447
19.1593 65.3518
19.2593 69.8179
19.3593 51.1487
19.4593 65.6059
19.5593 58.663
19.6593 52.5979
19.7593 63.9943
19.8593 65.2798
19.9593 65.8892
20.0593 56.6878
20.1593 55.7613
20.2593 60.8905
20.3593 63.7553
20.4593 64.2699
20.5593 62.6938
20.6593 63.8126
20.7593 58.1108
20.8593 59.4841
20.9593 65.7875
21.0593 54.4926
21.1593 62.3813
21.2593 56.4802
21.3593 65.4102
21.4593 63.0215
21.5593 54.8558
21.6593 66.2036
21.7593 63.7563
21.8593 64.8396
21.9593 67.2625
22.0593 54.5145
22.1593 57.6471
22.2593 65.3277
22.3593 49.7206
22.4593 63.406
22.5593 54.0649
22.6593 63.4212
22.7593 60.8615
22.8593 60.1351
22.9593 54.746
23.0593 60.3383
23.1593 64.9567
23.2593 61.0091
23.3593 56.553
23.4593 65.2012
23.5593 61.9001
23.6593 65.3361
23.7593 61.8641
23.8593 71.3605
23.9593 63.62
24.0593 65.3657
24.1593 49.8032
24.2593 62.1329
24.3593 63.3006
24.4593 58.1807
24.5593 58.1911
24.6593 52.1574
24.7593 66.3539
24.8593 45.6026
24.9593 59.6871
25.0593 67.5813
25.1593 54.3018
25.2593 62.4146
25.3593 65.8136
25.4593 58.2787
25.5593 62.9715
25.6593 46.2075
25.7593 65.7097
25.8593 58.6733
25.9593 60.3951
26.0593 65.7172
26.1593 63.6191
26.2593 48.113
26.3593 61.2552
26.4593 53.568
26.5593 61.3369
26.6593 62.6697
26.7593 59.4623
26.8593 53.8558
26.9593 34.9855
27.0593 61.1381
27.1593 54.7472
27.2593 57.5193
27.3593 60.0123
27.4593 57.7308
27.5593 48.8334
27.6593 61.5059
27.7593 59.0997
27.8593 59.3105
27.9593 49.984
28.0593 63.0891
28.1593 65.3705
28.2593 62.3275
28.3593 61.9139
28.4593 59.2605
28.5593 64.7628
28.6593 57.8652
28.7593 58.3296
28.8593 54.2066
28.9593 39.1668
29.0593 52.4443
29.1593 55.092
29.2593 55.5528
29.3593 57.5979
29.4593 64.1754
29.5593 55.4375
29.6593 61.8946
29.7593 48.0658
29.8593 57.3336
29.9593 60.204
30.0593 61.3903
30.1593 66.4689
30.2593 58.0202
30.3593 53.0325
30.4593 56.9196
30.5593 56.888
30.6593 58.3281
30.7593 63.9465
30.8593 60.7069
30.9593 47.3297
31.0593 54.7203
31.1593 53.7481
31.2593 62.241
31.3593 61.4782
31.4593 64.6262
31.5593 53.5376
31.6593 59.664
31.7593 50.3595
31.8593 60.8771
31.9593 62.9484
32.0593 51.0472
32.1593 61.8637
32.2593 60.5898
32.3593 59.248
32.4593 60.7321
32.5593 56.0611
32.6593 54.8483
32.7593 47.6788
32.8593 59.6925
32.9593 61.8147
33.0593 59.8487
33.1593 46.2862
33.2593 63.9863
33.3593 56.9383
33.4593 51.9093
33.5593 61.1202
33.6593 48.2853
33.7593 53.4201
33.8593 58.9772
33.9593 49.0093
34.0593 55.5028
34.1593 55.3674
34.2593 55.0723
34.3593 55.2926
34.4593 51.5454
34.5593 60.6615
34.6593 54.749
34.7593 61.6809
34.8593 58.6801
34.9593 36.6513
35.0593 54.5044
35.1593 61.1716
35.2593 57.7616
35.3593 56.0509
35.4593 52.9868
35.5593 56.0132
35.6593 61.6942
35.7593 56.6561
35.8593 60.2984
35.9593 57.2618
36.0593 46.3808
36.1593 53.578
36.2593 50.0033
36.3593 60.9627
36.4593 53.6431
36.5593 58.7984
36.6593 50.755
36.7593 54.7546
36.8593 59.5741
36.9593 61.9823
37.0593 51.0233
37.1593 53.9009
37.2593 60.5755
37.3593 54.304
37.4593 56.4519
37.5593 60.4365
37.6593 49.4011
37.7593 61.5111
37.8593 49.4762
37.9593 53.117
38.0593 48.7506
38.1593 56.9599
38.2593 53.2519
38.3593 59.6194
38.4593 48.9599
38.5593 49.6956
38.6593 49.1593
38.7593 45.0266
38.8593 55.1333
38.9593 59.9168
39.0593 58.7577
39.1593 56.8403
39.2593 48.9662
39.3593 51.6145
39.4593 58.5554
39.5593 55.5388
39.6593 59.6824
39.7593 59.1054
39.8593 41.3918
39.9593 58.1096
40.0593 55.4205
40.1593 50.4413
40.2593 56.6803
40.3593 45.5833
40.4593 50.6044
40.5593 52.6384
40.6593 58.4124
40.7593 47.8899
40.8593 60.7044
40.9593 55.4111
41.0593 58.9628
41.1593 57.2776
41.2593 52.586
41.3593 55.1036
41.4593 49.8968
41.5593 54.5978
41.6593 63.7263
41.7593 53.2225
41.8593 42.3116
41.9593 55.5872
42.0593 53.4806
42.1593 51.6767
42.2593 54.5146
42.3593 52.9464
42.4593 51.1905
42.5593 49.1707
42.6593 47.1615
42.7593 50.4291
42.8593 55.6252
42.9593 51.0206
43.0593 50.8436
43.1593 50.7962
43.2593 50.7487
43.3593 50.7013
43.4593 50.6538
43.5593 50.6064
43.6593 50.5589
43.7593 50.5115
43.8593 50.464
43.9593 50.4166
44.0593 50.3691
44.1593 50.3217
44.2593 50.2742
44.3593 50.2268
44.4593 50.1793
44.5593 50.1319
44.6593 50.0844
44.7593 50.037
44.8593 49.9895
44.9593 49.9421
45.0593 49.8946
45.1593 49.8472
45.2593 49.7997
45.3593 49.7523
45.4593 49.7049
45.5593 49.6574
45.6593 49.61
45.7593 49.5625
45.8593 49.5151
45.9593 49.4676
46.0593 49.4202
46.1593 49.3727
46.2593 49.3253
46.3593 49.2778
46.4593 49.2304
46.5593 49.1829
46.6593 49.1355
46.7593 49.088
46.8593 49.0406
46.9593 48.9931
47.0593 48.9457
47.1593 48.8982
47.2593 48.8508
47.3593 48.8033
47.4593 48.7559
47.5593 48.7084
47.6593 48.661
47.7593 48.6135
47.8593 48.5661
47.9593 48.5186
48.0593 48.4712
48.1593 48.4237
48.2593 48.3763
48.3593 48.3288
48.4593 48.2814
48.5593 48.2339
48.6593 48.1865
48.7593 48.139
48.8593 48.0916
48.9593 48.0441
49.0593 47.9967
49.1593 47.9492
49.2593 47.9018
49.3593 47.8543
49.4593 47.8069
49.5593 47.7594
49.6593 47.712
49.7593 47.6645
49.8593 47.6171
49.9593 47.5696
50.0593 47.5222
50.1593 47.4748
50.2593 47.4273
50.3593 47.3799
50.4593 47.3324
50.5593 47.285
50.6593 47.2375
50.7593 47.1901
50.8593 47.1426
50.9593 47.0952
51.0593 47.0477
51.1593 47.0003
51.2593 46.9528
51.3593 46.9054
51.4593 46.8579
51.5593 46.8105
51.6593 46.763
51.7593 46.7156
51.8593 46.6681
51.9593 46.6207
52.0593 46.5732
52.1593 46.5258
52.2593 46.4783
52.3593 46.4309
52.4593 46.3834
52.5593 46.336
52.6593 46.2885
52.7593 46.2411
52.8593 46.1936
52.9593 46.1462
53.0593 46.0987
53.1593 46.0513
53.2593 46.0038
53.3593 45.9564
53.4593 45.9089
53.5593 45.8615
53.6593 45.814
53.7593 45.7666
53.8593 45.7191
53.9593 45.6717
54.0593 45.6242
54.1593 45.5768
54.2593 45.5293
54.3593 45.4819
54.4593 45.4344
54.5593 45.387
54.6593 45.3395
54.7593 45.2921
54.8593 45.2447
54.9593 45.1972
55.0593 45.1498
55.1593 45.1023
55.2593 45.0549
55.3593 45.0074
55.4593 44.96
55.5593 44.9125
55.6593 44.8651
55.7593 44.8176
55.8593 44.7702
55.9593 44.7227
56.0593 44.6753
56.1593 44.6278
56.2593 44.5804
56.3593 44.5329
56.4593 44.4855
56.5593 44.438
56.6593 44.3906
56.7593 44.3431
56.8593 44.2957
56.9593 44.2482
57.0593 44.2008
57.1593 44.1533
57.2593 44.1059
57.3593 44.0584
57.4593 44.011
57.5593 43.9635
57.6593 43.9161
57.7593 43.8686
57.8593 43.8212
57.9593 43.7737
58.0593 43.7263
58.1593 43.6788
58.2593 43.6314
58.3593 43.5839
58.4593 43.5365
58.5593 43.489
58.6593 43.4416
58.7593 43.3941
58.8593 43.3467
58.9593 43.2992
59.0593 43.2518
59.1593 43.2043
59.2593 43.1569
59.3593 43.1094
59.4593 43.062
59.5593 43.0146
59.6593 42.9671
59.7593 42.9197
59.8593 42.8722
59.9593 42.8248
60.0593 42.7773
60.1593 42.7299
60.2593 42.6824
60.3593 42.635
60.4593 42.5875
60.5593 42.5401
60.6593 42.4926
60.7593 42.4452
60.8593 42.3977
60.9593 42.3503
61.0593 42.3028
61.1593 42.2554
61.2593 42.2079
61.3593 42.1605
61.4593 42.113
61.5593 42.0656
61.6593 42.0181
61.7593 41.9707
61.8593 41.9232
61.9593 41.8758
62.0593 41.8283
62.1593 41.7809
62.2593 41.7334
62.3593 41.686
62.4593 41.6385
62.5593 41.5911
62.6593 41.5436
62.7593 41.4962
62.8593 41.4487
62.9593 41.4013
63.0593 41.3538
63.1593 41.3064
63.2593 41.2589
63.3593 41.2115
63.4593 41.164
63.5593 41.1166
63.6593 41.0691
63.7593 41.0217
63.8593 40.9742
63.9593 40.9268
64.0593 40.8793
64.1593 40.8319
64.2593 40.7845
64.3593 40.737
64.4593 40.6896
64.5593 40.6421
64.6593 40.5947
64.7593 40.5472
64.8593 40.4998
64.9593 40.4523
65.0593 40.4049
65.1593 40.3574
65.2593 40.31
65.3593 40.2625
65.4593 40.2151
65.5593 40.1676
65.6593 40.1202
65.7593 40.0727
65.8593 40.0253
65.9593 39.9778
66.0593 39.9304
66.1593 39.8829
66.2593 39.8355
66.3593 39.788
66.4593 39.7406
66.5593 39.6931
66.6593 39.6457
66.7593 39.5982
66.8593 39.5508
66.9593 39.5033
67.0593 39.4559
67.1593 39.4084
67.2593 39.361
67.3593 39.3135
67.4593 39.2661
67.5593 39.2186
67.6593 39.1712
67.7593 39.1237
67.8593 39.0763
67.9593 39.0288
68.0593 38.9814
68.1593 38.9339
68.2593 38.8865
68.3593 38.839
68.4593 38.7916
68.5593 38.7441
68.6593 38.6967
68.7593 38.6492
68.8593 38.6018
68.9593 38.5544
69.0593 38.5069
69.1593 38.4595
69.2593 38.412
69.4593 38.3646
69.5593 38.3171
69.6593 38.2697
69.7593 38.2222
69.8593 38.1748
69.9593 38.1273
70.0593 38.0799
70.1593 38.0324
70.3593 37.985
70.5593 37.9375
70.6593 37.8901
70.7593 37.8426
70.8593 37.7952
70.9593 37.7477
71.0593 37.7003
71.1593 37.6528
71.2593 37.6054
71.3593 37.5579
71.4593 37.5105
71.5593 37.463
71.6593 37.4156
71.7593 37.3681
71.8593 37.3207
71.9593 37.2732
72.0593 37.2258
72.1593 37.1783
72.2593 37.1309
72.3593 37.0834
72.4593 37.036
72.5593 36.9885
72.6593 36.9411
72.7593 36.8936
72.8593 36.8462
72.9593 36.7987
73.0593 36.7513
73.1593 36.7038
73.2593 36.6564
73.3593 36.6089
73.4593 36.5615
73.5593 36.514
73.6593 36.4666
73.7593 36.4191
73.8593 36.3717
73.9593 36.3243
74.0593 36.2768
74.1593 36.2294
74.2593 36.1819
74.3593 36.1345
74.4593 36.087
74.5593 36.0396
74.6593 35.9921
74.7593 35.9447
74.8593 35.8972
74.9593 35.8498
75.0593 35.8023
75.2593 35.7549
75.3593 35.7074
75.4593 35.66
75.5593 35.6125
75.6593 35.5651
75.7593 35.5176
75.8593 35.4702
75.9593 35.4227
76.0593 35.3753
76.1593 35.3278
76.2593 35.2804
76.3593 35.2329
76.4593 35.1855
76.5593 35.138
76.6593 35.0906
76.7593 35.0431
76.8593 34.9957
77.0593 34.9482
77.1593 34.9008
77.3593 34.8533
77.4593 34.8059
77.5593 34.7584
77.6593 34.711
77.7593 34.6635
77.8593 34.6161
77.9593 34.5686
78.0593 34.5212
78.1593 34.4737
78.2593 34.4263
78.3593 34.3788
78.4593 34.3314
78.5593 34.2839
78.6593 34.2365
78.7593 34.189
78.8593 34.1416
78.9593 34.0942
79.0593 34.0467
79.1593 33.9993
79.2593 33.9518
79.3593 33.9044
79.4593 33.8569
79.5593 33.8095
79.6593 33.762
79.7593 33.7146
79.8593 33.6671
80.0593 33.6197
80.1593 33.5722
80.2593 33.5248
80.3593 33.4773
80.4593 33.4299
80.5593 33.3824
80.6593 33.335
80.7593 33.2875
80.8593 33.2401
80.9593 33.1926
81.1593 33.1452
81.2593 33.0977
81.3593 33.0503
81.4593 33.0028
81.5593 32.9554
81.6593 32.9079
81.7593 32.8605
81.8593 32.813
81.9593 32.7656
82.0593 32.7181
82.1593 32.6707
82.2593 32.6232
82.3593 32.5758
82.4593 32.5283
82.5593 32.4809
82.6593 32.4334
82.7593 32.386
82.8593 32.3385
82.9593 32.2911
83.0593 32.2436
83.1593 32.1962
83.2593 32.1487
83.3593 32.1013
83.4593 32.0538
83.5593 32.0064
83.6593 31.9589
83.7593 31.9115
83.8593 31.8641
83.9593 31.8166
84.0593 31.7692
84.1593 31.7217
84.2593 31.6743
84.3593 31.6268
84.4593 31.5794
84.5593 31.5319
84.6593 31.4845
84.7593 31.437
84.8593 31.3896
84.9593 31.3421
85.0593 31.2947
85.1593 31.2472
85.3593 31.1998
85.4593 31.1523
85.6593 31.1049
85.7593 31.0574
85.8593 31.01
85.9593 30.9625
86.0593 30.9151
86.1593 30.8676
86.2593 30.8202
86.3593 30.7727
86.4593 30.7253
86.5593 30.6778
86.6593 30.6304
86.7593 30.5829
86.8593 30.5355
86.9593 30.488
87.0593 30.4406
87.1593 30.3931
87.2593 30.3457
87.3593 30.2982
87.4593 30.2508
87.5593 30.2033
87.6593 30.1559
87.7593 30.1084
87.8593 30.061
87.9593 30.0135
88.0593 29.9661
88.1593 29.9186
88.2593 29.8712
88.3593 29.8237
88.4593 29.7763
88.5593 29.7288
88.6593 29.6814
88.7593 29.634
88.8593 29.5865
88.9593 29.5391
89.0593 29.4916
89.2593 29.4442
89.3593 29.3967
89.4593 29.3493
89.5593 29.3018
89.6593 29.2544
89.7593 29.2069
89.8593 29.1595
89.9593 29.112
90.0593 29.0646
90.1593 29.0171
90.2593 28.9697
90.3593 28.9222
90.4593 28.8748
90.6593 28.8273
90.7593 28.7799
90.8593 28.7324
90.9593 28.685
91.0593 28.6375
91.1593 28.5901
91.2593 28.5426
91.3593 28.4952
91.4593 28.4477
91.5593 28.4003
91.6593 28.3528
91.7593 28.3054
91.8593 28.2579
91.9593 28.2105
92.0593 28.163
92.1593 28.1156
92.2593 28.0681
92.3593 28.0207
92.4593 27.9732
92.5593 27.9258
92.6593 27.8783
92.7593 27.8309
92.8593 27.7834
92.9593 27.736
93.0593 27.6885
93.1593 27.6411
93.2593 27.5936
93.3593 27.5462
93.4593 27.4987
93.5593 27.4513
93.6593 27.4039
93.7593 27.3564
93.8593 27.309
93.9593 27.2615
94.1593 27.2141
94.2593 27.1666
94.3593 27.1192
94.4593 27.0717
94.5593 27.0243
94.6593 26.9768
94.7593 26.9294
94.8593 26.8819
94.9593 26.8345
95.0593 26.787
95.1593 26.7396
95.2593 26.6921
95.3593 26.6447
95.4593 26.5972
95.5593 26.5498
95.6593 26.5023
95.7593 26.4549
95.8593 26.4074
95.9593 26.36
96.0593 26.3125
96.1593 26.2651
96.2593 26.2176
96.3593 26.1702
96.4593 26.1227
96.5593 26.0753
96.6593 26.0278
96.7593 25.9804
96.8593 25.9329
96.9593 25.8855
97.0593 25.838
97.1593 25.7906
97.2593 25.7431
97.3593 25.6957
97.4593 25.6482
97.5593 25.6008
97.6593 25.5533
97.7593 25.5059
97.8593 25.4584
97.9593 25.411
98.0593 25.3635
98.1593 25.3161
98.2593 25.2686
98.3593 25.2212
98.4593 25.1738
98.5593 25.1263
98.6593 25.0789
98.7593 25.0314
98.8593 24.984
98.9593 24.9365
99.0593 24.8891
99.1593 24.8416
99.2593 24.7942
99.3593 24.7467
99.4593 24.6993
99.5593 24.6518
99.6593 24.6044
99.7593 24.5569
99.8593 24.5095
