0.0715493 43.6955
0.171549 49.9363
0.266583 45.8802
0.271549 43.4837
0.371549 40.8388
0.471549 49.6098
0.571549 39.7449
0.671549 49.6844
0.771549 48.2947
0.971549 48.5771
1.07155 41.3006
1.17155 50.2636
1.27155 48.0497
1.37155 53.2429
1.47155 50.918
1.57155 45.2924
1.67155 35.5365
1.77155 40.6757
1.97155 49.1473
2.07155 51.5879
2.17155 31.8737
2.27155 40.9601
2.37155 50.2773
2.47155 39.1524
2.57155 49.4874
2.67155 45.1881
2.77155 43.1377
2.87155 43.5091
2.97155 45.1314
3.07155 49.8427
3.17155 48.1707
3.27155 49.7498
3.37155 44.168
3.47155 44.2065
3.57155 41.6294
3.67155 38.0573
3.77155 50.0216
3.87155 47.6506
3.97155 44.6619
4.07155 49.7198
4.17155 42.2546
4.27155 47.5785
4.37155 37.687
4.47155 46.423
4.57155 40.2071
4.67155 36.9817
4.77155 40.3242
4.87155 47.442
4.97155 37.4701
5.07155 51.2411
5.17155 46.9458
5.27155 52.7457
5.37155 48.5716
5.47155 49.799
5.57155 43.5367
5.67155 45.5116
5.77155 42.0408
5.87155 42.0013
5.97155 54.2837
6.07155 45.0781
6.17155 51.1162
6.27155 45.3628
6.37155 50.567
6.47155 47.3927
6.57155 33.5055
6.67155 51.7651
6.77155 36.5738
6.87155 40.6534
6.97155 34.4439
7.07155 49.7517
7.17155 44.6518
7.37155 45.6712
7.47155 47.5451
7.57155 52.233
7.67155 49.0549
7.77155 36.0705
7.87155 52.2904
7.97155 50.9828
8.07155 37.957
8.17155 44.1171
8.27155 44.5627
8.37155 44.7704
8.47155 51.2839
8.57155 42.3101
8.67155 46.9951
8.77155 34.0655
8.87155 49.2602
8.97155 48.8194
9.07155 42.1387
9.17155 52.2039
9.27155 48.395
9.37155 47.106
9.47155 49.9813
9.57155 41.1158
9.67155 48.4471
9.77155 49.9684
9.87155 46.7611
9.97155 44.8427
10.0715 37.6618
10.1715 49.9027
10.2715 36.6443
10.3715 42.1471
10.4715 34.5693
10.5715 46.5668
10.6715 46.563
10.7715 48.2241
10.8715 38.2271
10.9715 45.9247
11.0715 53.6886
11.1715 52.0095
11.2715 43.999
11.3715 40.374
11.4715 47.8993
11.5715 36.1734
11.6715 49.4868
11.7715 31.9092
11.8715 45.3998
11.9715 38.6715
12.0715 43.2672
12.1715 46.795
12.2715 45.4375
12.3715 47.3807
12.4715 47.8236
12.5715 51.1897
12.6715 48.4109
12.7715 48.4304
12.8715 47.7359
12.9715 47.5382
13.0715 50.5785
13.1715 48.0497
13.2715 32.3586
13.3715 48.3736
13.4715 42.7486
13.5715 50.4285
13.6715 50.1956
13.7715 48.7439
13.8715 49.7768
13.9715 50.6144
14.0715 49.7952
14.1715 47.2731
14.2715 50.5503
14.3715 48.9561
14.4715 45.5833
14.5715 48.8495
14.6715 47.4884
14.7715 43.7296
14.8715 48.1357
14.9715 50.6874
15.0715 38.0426
15.1715 54.8904
15.2715 52.7278
15.3715 47.3304
15.4715 41.8435
15.5715 38.0234
15.6715 39.6634
15.7715 42.9187
15.8715 49.0713
15.9715 51.2734
16.0715 35.328
16.1715 40.5859
16.2715 52.584
16.3715 50.9313
16.4715 48.2444
16.5715 48.4537
16.6715 54.6412
16.7715 49.2783
16.8715 48.3178
16.9715 52.2606
17.0715 33.5765
17.2715 49.3799
17.3715 43.7656
17.4715 52.2117
17.5715 40.2145
17.6715 42.6507
17.7715 50.4886
17.8715 36.5815
17.9715 46.2012
18.0715 49.4829
18.1715 44.4295
18.2715 45.6315
18.3715 52.2227
18.4715 48.8489
18.5715 50.9311
18.6715 50.9496
18.7715 47.9749
18.8715 44.591
18.9715 50.1432
19.0715 41.9575
19.1715 54.0279
19.2715 44.8028
19.3715 44.206
19.4715 46.9649
19.5715 45.2883
19.6715 54.5267
19.7715 47.5396
19.8715 46.1845
19.9715 47.8175
20.0715 46.1558
20.1715 46.8928
20.2715 34.3625
20.3715 35.6253
20.4715 43.533
20.5715 42.0244
20.7715 57.6602
20.8715 37.9795
21.0715 52.3437
21.1715 45.7535
21.2715 50.2097
21.3715 43.5357
21.4715 41.6658
21.5715 43.3066
21.6715 50.7037
21.7715 50.9082
21.8715 51.5808
21.9715 52.1846
22.0715 48.7649
22.1715 44.686
22.2715 47.4861
22.3715 52.1687
22.4715 53.8969
22.5715 52.1308
22.6715 47.2023
22.7715 43.1257
22.8715 49.5971
22.9715 53.8327
23.0715 49.5056
23.1715 45.9397
23.2715 53.526
23.3715 49.892
23.4715 53.0534
23.5715 48.4956
23.6715 44.9069
23.7715 50.7807
23.8715 49.7588
23.9715 38.56
24.0715 45.908
24.1715 49.2149
24.2715 45.6112
24.3715 52.2679
24.4715 45.9918
24.5715 48.7082
24.6715 51.6402
24.7715 53.7569
24.8715 54.0407
24.9715 46.0296
25.0715 43.1218
25.1715 35.8751
25.3715 48.7441
25.4715 51.3365
25.5715 54.8132
25.6715 41.7782
25.7715 51.3914
25.8715 34.0248
25.9715 54.0384
26.0715 53.9897
26.1715 43.123
26.2715 45.1151
26.3715 50.7119
26.4715 56.4638
26.5715 45.4824
26.6715 51.2189
26.7715 51.0075
26.8715 49.0479
26.9715 48.0783
27.0715 46.691
27.1715 47.8506
27.2715 51.5188
27.3715 39.3085
27.4715 49.8201
27.5715 41.7838
27.6715 47.8737
27.7715 53.2684
27.8715 47.7552
27.9715 52.8847
28.0715 46.4709
28.1715 47.8725
28.2715 51.2732
28.3715 46.1699
28.4715 51.0446
28.5715 48.3172
28.6715 45.0643
28.7715 53.8933
28.8715 51.967
28.9715 46.3913
29.0715 54.6284
29.1715 55.3209
29.2715 50.7268
29.3715 44.2853
29.4715 48.1283
29.5715 46.839
29.6715 41.2051
29.7715 50.5187
29.8715 47.9572
29.9715 54.6847
30.0715 52.743
30.1715 47.0117
30.2715 45.1598
30.3715 50.5036
30.4715 56.4755
30.5715 59.2157
30.6715 48.9156
30.7715 48.7842
30.8715 39.6228
30.9715 47.6242
31.0715 53.7903
31.1715 47.9576
31.2715 45.8838
31.3715 48.2456
31.4715 46.8697
31.5715 42.8948
31.6715 51.896
31.7715 57.9366
31.8715 41.1304
31.9715 52.5506
32.0715 54.4831
32.1715 47.3053
32.2715 47.4563
32.3715 50.536
32.4715 44.6988
32.5715 54.7156
32.6715 48.6161
32.7715 46.2333
32.8715 49.3296
32.9715 54.4867
33.0715 56.5578
33.1715 50.8329
33.2715 56.631
33.3715 56.6495
33.4715 52.638
33.5715 54.02
33.6715 42.9035
33.7715 46.0072
33.8715 53.1826
33.9715 45.9266
34.0715 51.2084
34.1715 45.4762
34.2715 51.0914
34.3715 33.117
34.4715 51.3048
34.5715 51.9183
34.6715 42.8077
34.7715 51.182
34.8715 47.9045
34.9715 57.1673
35.0715 46.5159
35.2715 43.263
35.3715 59.0639
35.4715 55.2608
35.5715 56.1064
35.6715 49.1074
35.7715 52.084
35.8715 52.6905
35.9715 50.9935
36.0715 48.5773
36.1715 57.63
36.2715 44.8679
36.3715 48.4985
36.4715 56.9479
36.5715 49.1534
36.6715 43.5391
36.7715 54.1873
36.8715 50.7925
36.9715 53.5218
37.0715 50.2327
37.1715 47.5596
37.2715 37.1525
37.3715 45.3771
37.4715 43.0012
37.5715 50.7216
37.6715 54.8876
37.7715 54.8111
37.8715 45.3443
37.9715 58.2385
38.0715 47.9913
38.1715 47.0785
38.2715 44.1124
38.3715 45.249
38.4715 49.1274
38.5715 52.336
38.6715 51.5669
38.7715 55.3487
38.8715 47.3337
38.9715 52.0197
39.0715 53.885
39.1715 38.7631
39.2715 42.7257
39.3715 56.5198
39.4715 56.2229
39.5715 50.7747
39.6715 58.908
39.7715 40.3975
39.8715 45.291
39.9715 48.3703
40.1715 52.7724
40.2715 54.6655
40.3715 49.735
40.4715 44.0263
40.5715 55.3629
40.6715 53.6834
40.7715 57.669
40.8715 54.4152
40.9715 46.4682
41.0715 46.0621
41.1715 46.035
41.2715 46.0079
41.3715 45.9809
41.4715 45.9538
41.5715 45.9267
41.6715 45.8997
41.7715 45.8726
41.8715 45.8456
41.9715 45.8185
42.0715 45.7914
42.1715 45.7644
42.2715 45.7373
42.3715 45.7102
42.4715 45.6832
42.5715 45.6561
42.6715 45.6291
42.7715 45.602
42.8715 45.5749
42.9715 45.5479
43.0715 45.5208
43.1715 45.4938
43.2715 45.4667
43.3715 45.4396
43.4715 45.4126
43.5715 45.3855
43.6715 45.3584
43.7715 45.3314
43.8715 45.3043
43.9715 45.2773
44.0715 45.2502
44.1715 45.2231
44.2715 45.1961
44.3715 45.169
44.4715 45.142
44.5715 45.1149
44.6715 45.0878
44.7715 45.0608
44.8715 45.0337
44.9715 45.0066
45.0715 44.9796
45.1715 44.9525
45.2715 44.9255
45.3715 44.8984
45.4715 44.8713
45.5715 44.8443
45.6715 44.8172
45.7715 44.7901
45.8715 44.7631
45.9715 44.736
46.0715 44.709
46.1715 44.6819
46.2715 44.6548
46.3715 44.6278
46.4715 44.6007
46.5715 44.5737
46.6715 44.5466
46.7715 44.5195
46.8715 44.4925
46.9715 44.4654
47.0715 44.4383
47.1715 44.4113
47.2715 44.3842
47.3715 44.3572
47.4715 44.3301
47.5715 44.303
47.6715 44.276
47.7715 44.2489
47.8715 44.2218
47.9715 44.1948
48.0715 44.1677
48.1715 44.1407
48.2715 44.1136
48.3715 44.0865
48.4715 44.0595
48.5715 44.0324
48.6715 44.0054
48.7715 43.9783
48.8715 43.9512
48.9715 43.9242
49.0715 43.8971
49.1715 43.87
49.2715 43.843
49.3715 43.8159
49.4715 43.7889
49.5715 43.7618
49.6715 43.7347
49.7715 43.7077
49.8715 43.6806
49.9715 43.6536
50.0715 43.6265
50.1715 43.5994
50.2715 43.5724
50.3715 43.5453
50.4715 43.5182
50.5715 43.4912
50.6715 43.4641
50.7715 43.4371
50.8715 43.41
50.9715 43.3829
51.0715 43.3559
51.1715 43.3288
51.2715 43.3017
51.3715 43.2747
51.4715 43.2476
51.5715 43.2206
51.6715 43.1935
51.7715 43.1664
51.8715 43.1394
51.9715 43.1123
52.0715 43.0853
52.1715 43.0582
52.2715 43.0311
52.3715 43.0041
52.4715 42.977
52.5715 42.9499
52.6715 42.9229
52.7715 42.8958
52.8715 42.8688
52.9715 42.8417
53.0715 42.8146
53.1715 42.7876
53.2715 42.7605
53.3715 42.7334
53.4715 42.7064
53.5715 42.6793
53.6715 42.6523
53.7715 42.6252
53.8715 42.5981
53.9715 42.5711
54.0715 42.544
54.1715 42.517
54.2715 42.4899
54.3715 42.4628
54.4715 42.4358
54.5715 42.4087
54.6715 42.3816
54.7715 42.3546
54.8715 42.3275
54.9715 42.3005
55.0715 42.2734
55.1715 42.2463
55.2715 42.2193
55.3715 42.1922
55.4715 42.1652
55.5715 42.1381
55.6715 42.111
55.7715 42.084
55.8715 42.0569
55.9715 42.0298
56.0715 42.0028
56.1715 41.9757
56.2715 41.9487
56.3715 41.9216
56.4715 41.8945
56.5715 41.8675
56.6715 41.8404
56.7715 41.8133
56.8715 41.7863
56.9715 41.7592
57.0715 41.7322
57.1715 41.7051
57.2715 41.678
57.3715 41.651
57.4715 41.6239
57.5715 41.5969
57.6715 41.5698
57.7715 41.5427
57.8715 41.5157
57.9715 41.4886
58.0715 41.4615
58.1715 41.4345
58.2715 41.4074
58.3715 41.3804
58.4715 41.3533
58.5715 41.3262
58.6715 41.2992
58.7715 41.2721
58.8715 41.245
58.9715 41.218
59.0715 41.1909
59.1715 41.1639
59.2715 41.1368
59.3715 41.1097
59.4715 41.0827
59.5715 41.0556
59.6715 41.0286
59.7715 41.0015
59.8715 40.9744
59.9715 40.9474
60.0715 40.9203
60.1715 40.8932
60.2715 40.8662
60.3715 40.8391
60.4715 40.8121
60.5715 40.785
60.6715 40.7579
60.7715 40.7309
60.8715 40.7038
60.9715 40.6768
61.0715 40.6497
61.1715 40.6226
61.2715 40.5956
61.3715 40.5685
61.4715 40.5414
61.5715 40.5144
61.6715 40.4873
61.7715 40.4603
61.8715 40.4332
61.9715 40.4061
62.0715 40.3791
62.1715 40.352
62.2715 40.3249
62.3715 40.2979
62.4715 40.2708
62.5715 40.2438
62.6715 40.2167
62.7715 40.1896
62.9715 40.1626
63.0715 40.1355
63.1715 40.1085
63.2715 40.0814
63.3715 40.0543
63.4715 40.0273
63.5715 40.0002
63.6715 39.9731
63.7715 39.9461
63.8715 39.919
63.9715 39.892
64.0715 39.8649
64.1715 39.8378
64.2715 39.8108
64.3715 39.7837
64.4715 39.7566
64.5715 39.7296
64.6715 39.7025
64.7715 39.6755
64.8715 39.6484
64.9715 39.6213
65.0715 39.5943
65.1715 39.5672
65.2715 39.5402
65.3715 39.5131
65.4715 39.486
65.5715 39.459
65.6715 39.4319
65.7715 39.4048
65.8715 39.3778
65.9715 39.3507
66.0715 39.3237
66.1715 39.2966
66.2715 39.2695
66.3715 39.2425
66.4715 39.2154
66.5715 39.1884
66.6715 39.1613
66.7715 39.1342
66.8715 39.1072
66.9715 39.0801
67.0715 39.053
67.1715 39.026
67.2715 38.9989
67.3715 38.9719
67.4715 38.9448
67.5715 38.9177
67.6715 38.8907
67.7715 38.8636
67.8715 38.8365
67.9715 38.8095
68.0715 38.7824
68.1715 38.7554
68.2715 38.7283
68.3715 38.7012
68.4715 38.6742
68.5715 38.6471
68.6715 38.6201
68.7715 38.593
68.8715 38.5659
68.9715 38.5389
69.0715 38.5118
69.1715 38.4847
69.2715 38.4577
69.3715 38.4306
69.4715 38.4036
69.5715 38.3765
69.6715 38.3494
69.7715 38.3224
69.8715 38.2953
69.9715 38.2682
70.0715 38.2412
70.1715 38.2141
70.2715 38.1871
70.3715 38.16
70.4715 38.1329
70.5715 38.1059
70.6715 38.0788
70.7715 38.0518
70.8715 38.0247
70.9715 37.9976
71.0715 37.9706
71.1715 37.9435
71.2715 37.9164
71.3715 37.8894
71.4715 37.8623
71.5715 37.8353
71.6715 37.8082
71.7715 37.7811
71.8715 37.7541
71.9715 37.727
72.0715 37.7
72.1715 37.6729
72.2715 37.6458
72.3715 37.6188
72.4715 37.5917
72.5715 37.5646
72.6715 37.5376
72.7715 37.5105
72.8715 37.4835
72.9715 37.4564
73.0715 37.4293
73.1715 37.4023
73.2715 37.3752
73.3715 37.3481
73.4715 37.3211
73.5715 37.294
73.6715 37.267
73.7715 37.2399
73.8715 37.2128
73.9715 37.1858
74.0715 37.1587
74.1715 37.1317
74.2715 37.1046
74.3715 37.0775
74.4715 37.0505
74.5715 37.0234
74.6715 36.9963
74.7715 36.9693
74.8715 36.9422
74.9715 36.9152
75.0715 36.8881
75.1715 36.861
75.2715 36.834
75.3715 36.8069
75.4715 36.7798
75.5715 36.7528
75.6715 36.7257
75.7715 36.6987
75.8715 36.6716
75.9715 36.6445
76.0715 36.6175
76.1715 36.5904
76.2715 36.5634
76.3715 36.5363
76.4715 36.5092
76.5715 36.4822
76.6715 36.4551
76.7715 36.428
76.8715 36.401
76.9715 36.3739
77.0715 36.3469
77.1715 36.3198
77.2715 36.2927
77.3715 36.2657
77.4715 36.2386
77.5715 36.2116
77.6715 36.1845
77.7715 36.1574
77.8715 36.1304
77.9715 36.1033
78.0715 36.0762
78.1715 36.0492
78.2715 36.0221
78.3715 35.9951
78.4715 35.968
78.5715 35.9409
78.6715 35.9139
78.7715 35.8868
78.8715 35.8597
78.9715 35.8327
79.0715 35.8056
79.1715 35.7786
79.2715 35.7515
79.3715 35.7244
79.4715 35.6974
79.5715 35.6703
79.6715 35.6433
79.7715 35.6162
79.8715 35.5891
79.9715 35.5621
80.0715 35.535
80.1715 35.5079
80.2715 35.4809
80.3715 35.4538
80.4715 35.4268
80.5715 35.3997
80.6715 35.3726
80.7715 35.3456
80.8715 35.3185
80.9715 35.2914
81.0715 35.2644
81.1715 35.2373
81.2715 35.2103
81.3715 35.1832
81.4715 35.1561
81.5715 35.1291
81.6715 35.102
81.7715 35.075
81.8715 35.0479
81.9715 35.0208
82.0715 34.9938
82.1715 34.9667
82.2715 34.9396
82.3715 34.9126
82.4715 34.8855
82.5715 34.8585
82.6715 34.8314
82.7715 34.8043
82.8715 34.7773
82.9715 34.7502
83.0715 34.7232
83.1715 34.6961
83.2715 34.669
83.3715 34.642
83.4715 34.6149
83.5715 34.5878
83.6715 34.5608
83.7715 34.5337
83.8715 34.5067
83.9715 34.4796
84.0715 34.4525
84.1715 34.4255
84.2715 34.3984
84.3715 34.3713
84.4715 34.3443
84.5715 34.3172
84.6715 34.2902
84.7715 34.2631
84.8715 34.236
84.9715 34.209
85.0715 34.1819
85.1715 34.1549
85.2715 34.1278
85.3715 34.1007
85.4715 34.0737
85.5715 34.0466
85.6715 34.0195
85.7715 33.9925
85.8715 33.9654
85.9715 33.9384
86.0715 33.9113
86.1715 33.8842
86.2715 33.8572
86.3715 33.8301
86.4715 33.8031
86.5715 33.776
86.6715 33.7489
86.7715 33.7219
86.8715 33.6948
86.9715 33.6677
87.0715 33.6407
87.1715 33.6136
87.2715 33.5866
87.3715 33.5595
87.4715 33.5324
87.5715 33.5054
87.6715 33.4783
87.7715 33.4512
87.8715 33.4242
87.9715 33.3971
88.0715 33.3701
88.1715 33.343
88.2715 33.3159
88.3715 33.2889
88.4715 33.2618
88.5715 33.2348
88.6715 33.2077
88.7715 33.1806
88.8715 33.1536
88.9715 33.1265
89.0715 33.0994
89.1715 33.0724
89.2715 33.0453
89.3715 33.0183
89.4715 32.9912
89.5715 32.9641
89.6715 32.9371
89.7715 32.91
89.8715 32.8829
89.9715 32.8559
90.0715 32.8288
90.1715 32.8018
90.2715 32.7747
90.3715 32.7476
90.4715 32.7206
90.5715 32.6935
90.6715 32.6665
90.7715 32.6394
90.8715 32.6123
90.9715 32.5853
91.0715 32.5582
91.1715 32.5311
91.2715 32.5041
91.3715 32.477
91.4715 32.45
91.5715 32.4229
91.6715 32.3958
91.7715 32.3688
91.8715 32.3417
91.9715 32.3147
92.0715 32.2876
92.1715 32.2605
92.2715 32.2335
92.3715 32.2064
92.4715 32.1793
92.5715 32.1523
92.6715 32.1252
92.7715 32.0982
92.8715 32.0711
92.9715 32.044
93.0715 32.017
93.1715 31.9899
93.2715 31.9628
93.3715 31.9358
93.4715 31.9087
93.5715 31.8817
93.6715 31.8546
93.7715 31.8275
93.8715 31.8005
93.9715 31.7734
94.0715 31.7464
94.1715 31.7193
94.2715 31.6922
94.3715 31.6652
94.4715 31.6381
94.5715 31.611
94.6715 31.584
94.7715 31.5569
94.9715 31.5299
95.0715 31.5028
95.1715 31.4757
95.2715 31.4487
95.3715 31.4216
95.4715 31.3945
95.5715 31.3675
95.6715 31.3404
95.7715 31.3134
95.8715 31.2863
95.9715 31.2592
96.0715 31.2322
96.1715 31.2051
96.2715 31.1781
96.3715 31.151
96.4715 31.1239
96.5715 31.0969
96.6715 31.0698
96.7715 31.0427
96.8715 31.0157
96.9715 30.9886
97.0715 30.9616
97.1715 30.9345
97.2715 30.9074
97.3715 30.8804
97.4715 30.8533
97.5715 30.8263
97.6715 30.7992
97.7715 30.7721
97.8715 30.7451
97.9715 30.718
98.0715 30.6909
98.1715 30.6639
98.2715 30.6368
98.3715 30.6098
98.4715 30.5827
98.5715 30.5556
98.6715 30.5286
98.7715 30.5015
98.8715 30.4744
98.9715 30.4474
99.0715 30.4203
99.1715 30.3933
99.2715 30.3662
99.3715 30.3391
99.4715 30.3121
99.5715 30.285
99.6715 30.258
99.7715 30.2309
99.8715 30.2038
99.9715 30.1768
