0.0715493 43.6955
0.171549 49.9363
0.266583 45.8802
0.271549 43.4837
0.371549 40.8388
0.471549 49.6098
0.571549 39.7449
0.671549 49.6844
0.771549 48.2947
0.971549 48.5771
1.07155 41.3006
1.17155 50.2636
1.27155 48.0497
1.37155 53.2429
1.47155 50.918
1.57155 45.2924
1.67155 35.5365
1.77155 40.6757
1.97155 49.1473
2.07155 51.5879
2.17155 31.8737
2.27155 40.9601
2.37155 50.2773
2.47155 39.1524
2.57155 49.4874
2.67155 45.1881
2.77155 43.1377
2.87155 43.5091
2.97155 45.1314
3.07155 49.8427
3.17155 48.1707
3.27155 49.7498
3.37155 44.168
3.47155 44.2065
3.57155 41.6294
3.67155 38.0573
3.77155 50.0216
3.87155 47.6506
3.97155 44.6619
4.07155 49.7198
4.17155 42.2546
4.27155 47.5785
4.37155 37.687
4.47155 46.423
4.57155 40.2071
4.67155 36.9817
4.77155 40.3242
4.87155 47.442
4.97155 37.4701
5.07155 51.2411
5.17155 46.9458
5.27155 52.7457
5.37155 48.5716
5.47155 49.799
5.57155 43.5367
5.67155 45.5116
5.77155 42.0408
5.87155 42.0013
5.97155 54.2837
6.07155 45.0781
6.17155 51.1162
6.27155 45.3628
6.37155 50.567
6.47155 47.3927
6.57155 33.5055
6.67155 51.7651
6.77155 36.5738
6.87155 40.6534
6.97155 34.4439
7.07155 49.7517
7.17155 44.6518
7.37155 45.6712
7.47155 47.5451
7.57155 52.233
7.67155 49.0549
7.77155 36.0705
7.87155 52.2904
7.97155 50.9828
8.07155 37.957
8.17155 44.1171
8.27155 44.5627
8.37155 44.7704
8.47155 51.2839
8.57155 42.3101
8.67155 46.9951
8.77155 34.0655
8.87155 49.2602
8.97155 48.8194
9.07155 42.1387
9.17155 52.2039
9.27155 48.395
9.37155 47.106
9.47155 49.9813
9.57155 41.1158
9.67155 48.4471
9.77155 49.9684
9.87155 46.7611
9.97155 44.8427
10.0715 37.6618
10.1715 49.9027
10.2715 36.6443
10.3715 42.1471
10.4715 34.5693
10.5715 46.5668
10.6715 46.563
10.7715 48.2241
10.8715 38.2271
10.9715 45.9247
11.0715 53.6886
11.1715 52.0095
11.2715 43.999
11.3715 40.374
11.4715 47.8993
11.5715 36.1734
11.6715 49.4868
11.7715 31.9092
11.8715 45.3998
11.9715 38.6715
12.0715 43.2672
12.1715 46.795
12.2715 45.4375
12.3715 47.3807
12.4715 47.8236
12.5715 51.1897
12.6715 48.4109
12.7715 48.4304
12.8715 47.7359
12.9715 47.5382
13.0715 50.5785
13.1715 48.0497
13.2715 32.3586
13.3715 48.3736
13.4715 42.7486
13.5715 50.4285
13.6715 50.1956
13.7715 48.7439
13.8715 49.7768
13.9715 50.6144
14.0715 49.7952
14.1715 47.2731
14.2715 50.5503
14.3715 48.9561
14.4715 45.5833
14.5715 48.8495
14.6715 47.4884
14.7715 43.7296
14.8715 48.1357
14.9715 50.6874
15.0715 38.0426
15.1715 54.8904
15.2715 52.7278
15.3715 47.3304
15.4715 41.8435
15.5715 38.0234
15.6715 39.6634
15.7715 42.9187
15.8715 49.0713
15.9715 51.2734
16.0715 35.328
16.1715 40.5859
16.2715 52.584
16.3715 50.9313
16.4715 48.2444
16.5715 48.4537
16.6715 54.6412
16.7715 49.2783
16.8715 48.3178
16.9715 52.2606
17.0715 33.5765
17.2715 49.3799
17.3715 43.7656
17.4715 52.2117
17.5715 40.2145
17.6715 42.6507
17.7715 50.4886
17.8715 36.5815
17.9715 46.2012
18.0715 49.4829
18.1715 44.4295
18.2715 45.6315
18.3715 52.2227
18.4715 48.8489
18.5715 50.9311
18.6715 50.9496
18.7715 47.9749
18.8715 44.591
18.9715 50.1432
19.0715 41.9575
19.1715 54.0279
19.2715 44.8028
19.3715 44.206
19.4715 46.9649
19.5715 45.2883
19.6715 54.5267
19.7715 47.5396
19.8715 46.1845
19.9715 47.8175
20.0715 46.1558
20.1715 46.8928
20.2715 34.3625
20.3715 35.6253
20.4715 43.533
20.5715 42.0244
20.7715 57.6602
20.8715 37.9795
21.0715 52.3437
21.1715 45.7535
21.2715 50.2097
21.3715 43.5357
21.4715 41.6658
21.5715 43.3066
21.6715 50.7037
21.7715 50.9082
21.8715 51.5808
21.9715 52.1846
22.0715 48.7649
22.1715 44.686
22.2715 47.4861
22.3715 52.1687
22.4715 53.8969
22.5715 52.1308
22.6715 47.2023
22.7715 43.1257
22.8715 49.5971
22.9715 53.8327
23.0715 49.5056
23.1715 45.9397
23.2715 53.526
23.3715 49.892
23.4715 53.0534
23.5715 48.4956
23.6715 44.9069
23.7715 50.7807
23.8715 49.7588
23.9715 38.56
24.0715 45.908
24.1715 49.2149
24.2715 45.6112
24.3715 52.2679
24.4715 45.9918
24.5715 48.7082
24.6715 51.6402
24.7715 53.7569
24.8715 54.0407
24.9715 46.0296
25.0715 43.1218
25.1715 35.8751
25.3715 48.7441
25.4715 51.3365
25.5715 54.8132
25.6715 41.7782
25.7715 51.3914
25.8715 34.0248
25.9715 54.0384
26.0715 53.9897
26.1715 43.123
26.2715 45.1151
26.3715 50.7119
26.4715 56.4638
26.5715 45.4824
26.6715 51.2189
26.7715 51.0075
26.8715 49.0479
26.9715 48.0783
27.0715 46.691
27.1715 47.8506
27.2715 51.5188
27.3715 39.3085
27.4715 49.8201
27.5715 41.7838
27.6715 47.8737
27.7715 53.2684
27.8715 47.7552
27.9715 52.8847
28.0715 46.4709
28.1715 47.8725
28.2715 51.2732
28.3715 46.1699
28.4715 51.0446
28.5715 48.3172
28.6715 45.0643
28.7715 53.8933
28.8715 51.967
28.9715 46.3913
29.0715 54.6284
29.1715 55.3209
29.2715 50.7268
29.3715 44.2853
29.4715 48.1283
29.5715 46.839
29.6715 41.2051
29.7715 50.5187
29.8715 47.9572
29.9715 54.6847
30.0715 52.743
30.1715 47.0117
30.2715 45.1598
30.3715 50.5036
30.4715 56.4755
30.5715 59.2157
30.6715 48.9156
30.7715 48.7842
30.8715 39.6228
30.9715 47.6242
31.0715 53.7903
31.1715 47.9576
31.2715 45.8838
31.3715 48.2456
31.4715 46.8697
31.5715 42.8948
31.6715 51.896
31.7715 57.9366
31.8715 41.1304
31.9715 52.5506
32.0715 54.4831
32.1715 47.3053
32.2715 47.4563
32.3715 50.536
32.4715 44.6988
32.5715 54.7156
32.6715 48.6161
32.7715 46.2333
32.8715 49.3296
32.9715 54.4867
33.0715 56.5578
33.1715 50.8329
33.2715 56.631
33.3715 56.6495
33.4715 52.638
33.5715 54.02
33.6715 42.9035
33.7715 46.0072
33.8715 53.1826
33.9715 45.9266
34.0715 51.2084
34.1715 45.4762
34.2715 51.0914
34.3715 33.117
34.4715 51.3048
34.5715 51.9183
34.6715 42.8077
34.7715 51.182
34.8715 47.9045
34.9715 57.1673
35.0715 46.5159
35.2715 43.263
35.3715 59.0639
35.4715 55.2608
35.5715 56.1064
35.6715 49.1074
35.7715 52.084
35.8715 52.6905
35.9715 50.9935
36.0715 48.5773
36.1715 57.63
36.2715 44.8679
36.3715 48.4985
36.4715 56.9479
36.5715 49.1534
36.6715 43.5391
36.7715 54.1873
36.8715 50.7925
36.9715 53.5218
37.0715 50.2327
37.1715 47.5596
37.2715 37.1525
37.3715 45.3771
37.4715 43.0012
37.5715 50.7216
37.6715 54.8876
37.7715 54.8111
37.8715 45.3443
37.9715 58.2385
38.0715 47.9913
38.1715 47.0785
38.2715 44.1124
38.3715 45.249
38.4715 49.1274
38.5715 52.336
38.6715 51.5669
38.7715 55.3487
38.8715 47.3337
38.9715 52.0197
39.0715 53.885
39.1715 38.7631
39.2715 42.7257
39.3715 56.5198
39.4715 56.2229
39.5715 50.7747
39.6715 58.908
39.7715 40.3975
39.8715 45.291
39.9715 48.3703
40.1715 52.7724
40.2715 54.6655
40.3715 49.735
40.4715 44.0263
40.5715 55.3629
40.6715 53.6834
40.7715 57.669
40.8715 54.4152
40.9715 46.4682
41.0715 50.9837
41.1715 52.3283
41.2715 45.4452
41.3715 54.5295
41.4715 39.0709
41.5715 45.2249
41.6715 53.4668
41.7715 51.2971
41.8715 49.6809
41.9715 42.7635
42.0715 53.5977
42.1715 53.7821
42.2715 44.7577
42.3715 55.4569
42.4715 42.6297
42.5715 47.3796
42.6715 56.6322
42.7715 49.8995
42.8715 45.9863
42.9715 50.1226
43.0715 50.3594
43.1715 59.1215
43.2715 50.4461
43.3715 51.1483
43.4715 58.5732
43.5715 52.247
43.6715 53.1233
43.7715 52.283
43.8715 47.2499
43.9715 37.7363
44.0715 51.8433
44.1715 47.0061
44.2715 60.264
44.3715 48.2519
44.4715 54.1413
44.5715 50.1399
44.6715 42.1882
44.7715 48.7475
44.8715 53.0188
44.9715 58.3568
45.0715 49.5051
45.1715 57.1094
45.2715 49.4522
45.3715 57.4478
45.4715 50.8478
45.5715 54.0473
45.6715 48.8505
45.7715 56.9934
45.8715 47.7438
45.9715 59.6332
46.0715 42.4688
46.1715 57.7108
46.2715 39.7542
46.3715 57.0967
46.4715 59.9592
46.5715 47.37
46.6715 39.1301
46.7715 52.1446
46.8715 61.4925
46.9715 58.0996
47.0715 47.2109
47.1715 47.1865
47.2715 47.1622
47.3715 47.1378
47.4715 47.1134
47.5715 47.0891
47.6715 47.0647
47.7715 47.0403
47.8715 47.016
47.9715 46.9916
48.0715 46.9673
48.1715 46.9429
48.2715 46.9185
48.3715 46.8942
48.4715 46.8698
48.5715 46.8454
48.6715 46.8211
48.7715 46.7967
48.8715 46.7724
48.9715 46.748
49.0715 46.7236
49.1715 46.6993
49.2715 46.6749
49.3715 46.6505
49.4715 46.6262
49.5715 46.6018
49.6715 46.5774
49.7715 46.5531
49.8715 46.5287
49.9715 46.5044
50.0715 46.48
50.1715 46.4556
50.2715 46.4313
50.3715 46.4069
50.4715 46.3825
50.5715 46.3582
50.6715 46.3338
50.7715 46.3095
50.8715 46.2851
50.9715 46.2607
51.0715 46.2364
51.1715 46.212
51.2715 46.1876
51.3715 46.1633
51.4715 46.1389
51.5715 46.1146
51.6715 46.0902
51.7715 46.0658
51.8715 46.0415
51.9715 46.0171
52.0715 45.9927
52.1715 45.9684
52.2715 45.944
52.3715 45.9196
52.4715 45.8953
52.5715 45.8709
52.6715 45.8466
52.7715 45.8222
52.8715 45.7978
52.9715 45.7735
53.0715 45.7491
53.1715 45.7247
53.2715 45.7004
53.3715 45.676
53.4715 45.6517
53.5715 45.6273
53.6715 45.6029
53.7715 45.5786
53.8715 45.5542
53.9715 45.5298
54.0715 45.5055
54.1715 45.4811
54.2715 45.4567
54.3715 45.4324
54.4715 45.408
54.5715 45.3837
54.6715 45.3593
54.7715 45.3349
54.8715 45.3106
54.9715 45.2862
55.0715 45.2618
55.1715 45.2375
55.2715 45.2131
55.3715 45.1888
55.4715 45.1644
55.5715 45.14
55.6715 45.1157
55.7715 45.0913
55.8715 45.0669
55.9715 45.0426
56.0715 45.0182
56.1715 44.9939
56.2715 44.9695
56.3715 44.9451
56.4715 44.9208
56.5715 44.8964
56.6715 44.872
56.7715 44.8477
56.8715 44.8233
56.9715 44.7989
57.0715 44.7746
57.1715 44.7502
57.2715 44.7259
57.3715 44.7015
57.4715 44.6771
57.5715 44.6528
57.6715 44.6284
57.7715 44.604
57.8715 44.5797
57.9715 44.5553
58.0715 44.531
58.1715 44.5066
58.2715 44.4822
58.3715 44.4579
58.4715 44.4335
58.5715 44.4091
58.6715 44.3848
58.7715 44.3604
58.8715 44.336
58.9715 44.3117
59.0715 44.2873
59.1715 44.263
59.2715 44.2386
59.3715 44.2142
59.4715 44.1899
59.5715 44.1655
59.6715 44.1411
59.7715 44.1168
59.8715 44.0924
59.9715 44.0681
60.0715 44.0437
60.1715 44.0193
60.2715 43.995
60.3715 43.9706
60.4715 43.9462
60.5715 43.9219
60.6715 43.8975
60.7715 43.8731
60.8715 43.8488
60.9715 43.8244
61.0715 43.8001
61.1715 43.7757
61.2715 43.7513
61.3715 43.727
61.4715 43.7026
61.5715 43.6782
61.6715 43.6539
61.7715 43.6295
61.8715 43.6052
61.9715 43.5808
62.0715 43.5564
62.1715 43.5321
62.2715 43.5077
62.3715 43.4833
62.4715 43.459
62.5715 43.4346
62.6715 43.4103
62.7715 43.3859
62.9715 43.3615
63.0715 43.3372
63.1715 43.3128
63.2715 43.2884
63.3715 43.2641
63.4715 43.2397
63.5715 43.2153
63.6715 43.191
63.7715 43.1666
63.8715 43.1423
63.9715 43.1179
64.0715 43.0935
64.1715 43.0692
64.2715 43.0448
64.3715 43.0204
64.4715 42.9961
64.5715 42.9717
64.6715 42.9474
64.7715 42.923
64.8715 42.8986
64.9715 42.8743
65.0715 42.8499
65.1715 42.8255
65.2715 42.8012
65.3715 42.7768
65.4715 42.7524
65.5715 42.7281
65.6715 42.7037
65.7715 42.6794
65.8715 42.655
65.9715 42.6306
66.0715 42.6063
66.1715 42.5819
66.2715 42.5575
66.3715 42.5332
66.4715 42.5088
66.5715 42.4845
66.6715 42.4601
66.7715 42.4357
66.8715 42.4114
66.9715 42.387
67.0715 42.3626
67.1715 42.3383
67.2715 42.3139
67.3715 42.2896
67.4715 42.2652
67.5715 42.2408
67.6715 42.2165
67.7715 42.1921
67.8715 42.1677
67.9715 42.1434
68.0715 42.119
68.1715 42.0946
68.2715 42.0703
68.3715 42.0459
68.4715 42.0216
68.5715 41.9972
68.6715 41.9728
68.7715 41.9485
68.8715 41.9241
68.9715 41.8997
69.0715 41.8754
69.1715 41.851
69.2715 41.8267
69.3715 41.8023
69.4715 41.7779
69.5715 41.7536
69.6715 41.7292
69.7715 41.7048
69.8715 41.6805
69.9715 41.6561
70.0715 41.6317
70.1715 41.6074
70.2715 41.583
70.3715 41.5587
70.4715 41.5343
70.5715 41.5099
70.6715 41.4856
70.7715 41.4612
70.8715 41.4368
70.9715 41.4125
71.0715 41.3881
71.1715 41.3638
71.2715 41.3394
71.3715 41.315
71.4715 41.2907
71.5715 41.2663
71.6715 41.2419
71.7715 41.2176
71.8715 41.1932
71.9715 41.1689
72.0715 41.1445
72.1715 41.1201
72.2715 41.0958
72.3715 41.0714
72.4715 41.047
72.5715 41.0227
72.6715 40.9983
72.7715 40.9739
72.8715 40.9496
72.9715 40.9252
73.0715 40.9009
73.1715 40.8765
73.2715 40.8521
73.3715 40.8278
73.4715 40.8034
73.5715 40.779
73.6715 40.7547
73.7715 40.7303
73.8715 40.706
73.9715 40.6816
74.0715 40.6572
74.1715 40.6329
74.2715 40.6085
74.3715 40.5841
74.4715 40.5598
74.5715 40.5354
74.6715 40.511
74.7715 40.4867
74.8715 40.4623
74.9715 40.438
75.0715 40.4136
75.1715 40.3892
75.2715 40.3649
75.3715 40.3405
75.4715 40.3161
75.5715 40.2918
75.6715 40.2674
75.7715 40.2431
75.8715 40.2187
75.9715 40.1943
76.0715 40.17
76.1715 40.1456
76.2715 40.1212
76.3715 40.0969
76.4715 40.0725
76.5715 40.0482
76.6715 40.0238
76.7715 39.9994
76.8715 39.9751
76.9715 39.9507
77.0715 39.9263
77.1715 39.902
77.2715 39.8776
77.3715 39.8532
77.4715 39.8289
77.5715 39.8045
77.6715 39.7802
77.7715 39.7558
77.8715 39.7314
77.9715 39.7071
78.0715 39.6827
78.1715 39.6583
78.2715 39.634
78.3715 39.6096
78.4715 39.5853
78.5715 39.5609
78.6715 39.5365
78.7715 39.5122
78.8715 39.4878
78.9715 39.4634
79.0715 39.4391
79.1715 39.4147
79.2715 39.3903
79.3715 39.366
79.4715 39.3416
79.5715 39.3173
79.6715 39.2929
79.7715 39.2685
79.8715 39.2442
79.9715 39.2198
80.0715 39.1954
80.1715 39.1711
80.2715 39.1467
80.3715 39.1224
80.4715 39.098
80.5715 39.0736
80.6715 39.0493
80.7715 39.0249
80.8715 39.0005
80.9715 38.9762
81.0715 38.9518
81.1715 38.9275
81.2715 38.9031
81.3715 38.8787
81.4715 38.8544
81.5715 38.83
81.6715 38.8056
81.7715 38.7813
81.8715 38.7569
81.9715 38.7325
82.0715 38.7082
82.1715 38.6838
82.2715 38.6595
82.3715 38.6351
82.4715 38.6107
82.5715 38.5864
82.6715 38.562
82.7715 38.5376
82.8715 38.5133
82.9715 38.4889
83.0715 38.4646
83.1715 38.4402
83.2715 38.4158
83.3715 38.3915
83.4715 38.3671
83.5715 38.3427
83.6715 38.3184
83.7715 38.294
83.8715 38.2696
83.9715 38.2453
84.0715 38.2209
84.1715 38.1966
84.2715 38.1722
84.3715 38.1478
84.4715 38.1235
84.5715 38.0991
84.6715 38.0747
84.7715 38.0504
84.8715 38.026
84.9715 38.0017
85.0715 37.9773
85.1715 37.9529
85.2715 37.9286
85.3715 37.9042
85.4715 37.8798
85.5715 37.8555
85.6715 37.8311
85.7715 37.8067
85.8715 37.7824
85.9715 37.758
86.0715 37.7337
86.1715 37.7093
86.2715 37.6849
86.3715 37.6606
86.4715 37.6362
86.5715 37.6118
86.6715 37.5875
86.7715 37.5631
86.8715 37.5388
86.9715 37.5144
87.0715 37.49
87.1715 37.4657
87.2715 37.4413
87.3715 37.4169
87.4715 37.3926
87.5715 37.3682
87.6715 37.3439
87.7715 37.3195
87.8715 37.2951
87.9715 37.2708
88.0715 37.2464
88.1715 37.222
88.2715 37.1977
88.3715 37.1733
88.4715 37.1489
88.5715 37.1246
88.6715 37.1002
88.7715 37.0759
88.8715 37.0515
88.9715 37.0271
89.0715 37.0028
89.1715 36.9784
89.2715 36.954
89.3715 36.9297
89.4715 36.9053
89.5715 36.881
89.6715 36.8566
89.7715 36.8322
89.8715 36.8079
89.9715 36.7835
90.0715 36.7591
90.1715 36.7348
90.2715 36.7104
90.3715 36.686
90.4715 36.6617
90.5715 36.6373
90.6715 36.613
90.7715 36.5886
90.8715 36.5642
90.9715 36.5399
91.0715 36.5155
91.1715 36.4911
91.2715 36.4668
91.3715 36.4424
91.4715 36.4181
91.5715 36.3937
91.6715 36.3693
91.7715 36.345
91.8715 36.3206
91.9715 36.2962
92.0715 36.2719
92.1715 36.2475
92.2715 36.2232
92.3715 36.1988
92.4715 36.1744
92.5715 36.1501
92.6715 36.1257
92.7715 36.1013
92.8715 36.077
92.9715 36.0526
93.0715 36.0282
93.1715 36.0039
93.2715 35.9795
93.3715 35.9552
93.4715 35.9308
93.5715 35.9064
93.6715 35.8821
93.7715 35.8577
93.8715 35.8333
93.9715 35.809
94.0715 35.7846
94.1715 35.7603
94.2715 35.7359
94.3715 35.7115
94.4715 35.6872
94.5715 35.6628
94.6715 35.6384
94.7715 35.6141
94.9715 35.5897
95.0715 35.5653
95.1715 35.541
95.2715 35.5166
95.3715 35.4923
95.4715 35.4679
95.5715 35.4435
95.6715 35.4192
95.7715 35.3948
95.8715 35.3704
95.9715 35.3461
96.0715 35.3217
96.1715 35.2974
96.2715 35.273
96.3715 35.2486
96.4715 35.2243
96.5715 35.1999
96.6715 35.1755
96.7715 35.1512
96.8715 35.1268
96.9715 35.1025
97.0715 35.0781
97.1715 35.0537
97.2715 35.0294
97.3715 35.005
97.4715 34.9806
97.5715 34.9563
97.6715 34.9319
97.7715 34.9075
97.8715 34.8832
97.9715 34.8588
98.0715 34.8345
98.1715 34.8101
98.2715 34.7857
98.3715 34.7614
98.4715 34.737
98.5715 34.7126
98.6715 34.6883
98.7715 34.6639
98.8715 34.6396
98.9715 34.6152
99.0715 34.5908
99.1715 34.5665
99.2715 34.5421
99.3715 34.5177
99.4715 34.4934
99.5715 34.469
99.6715 34.4446
99.7715 34.4203
99.8715 34.3959
99.9715 34.3716
