0.0715493 43.6955
0.171549 49.9363
0.266583 45.8802
0.271549 43.4837
0.371549 40.8388
0.471549 49.6098
0.571549 39.7449
0.671549 49.6844
0.771549 48.2947
0.971549 48.5771
1.07155 41.3006
1.17155 50.2636
1.27155 48.0497
1.37155 53.2429
1.47155 50.918
1.57155 45.2924
1.67155 35.5365
1.77155 40.6757
1.97155 49.1473
2.07155 51.5879
2.17155 31.8737
2.27155 40.9601
2.37155 50.2773
2.47155 39.1524
2.57155 49.4874
2.67155 45.1881
2.77155 43.1377
2.87155 43.5091
2.97155 45.1314
3.07155 49.8427
3.17155 48.1707
3.27155 49.7498
3.37155 44.168
3.47155 44.2065
3.57155 41.6294
3.67155 38.0573
3.77155 50.0216
3.87155 47.6506
3.97155 44.6619
4.07155 49.7198
4.17155 42.2546
4.27155 47.5785
4.37155 37.687
4.47155 46.423
4.57155 40.2071
4.67155 36.9817
4.77155 40.3242
4.87155 47.442
4.97155 37.4701
5.07155 51.2411
5.17155 46.9458
5.27155 52.7457
5.37155 48.5716
5.47155 49.799
5.57155 43.5367
5.67155 45.5116
5.77155 42.0408
5.87155 42.0013
5.97155 54.2837
6.07155 45.0781
6.17155 51.1162
6.27155 45.3628
6.37155 50.567
6.47155 47.3927
6.57155 33.5055
6.67155 51.7651
6.77155 36.5738
6.87155 40.6534
6.97155 34.4439
7.07155 49.7517
7.17155 44.6518
7.37155 45.6712
7.47155 47.5451
7.57155 52.233
7.67155 49.0549
7.77155 36.0705
7.87155 52.2904
7.97155 50.9828
8.07155 37.957
8.17155 44.1171
8.27155 44.5627
8.37155 44.7704
8.47155 51.2839
8.57155 42.3101
8.67155 46.9951
8.77155 34.0655
8.87155 49.2602
8.97155 48.8194
9.07155 42.1387
9.17155 52.2039
9.27155 48.395
9.37155 47.106
9.47155 49.9813
9.57155 41.1158
9.67155 48.4471
9.77155 49.9684
9.87155 46.7611
9.97155 44.8427
10.0715 37.6618
10.1715 49.9027
10.2715 36.6443
10.3715 42.1471
10.4715 34.5693
10.5715 46.5668
10.6715 46.563
10.7715 48.2241
10.8715 38.2271
10.9715 45.9247
11.0715 53.6886
11.1715 52.0095
11.2715 43.999
11.3715 40.374
11.4715 47.8993
11.5715 36.1734
11.6715 49.4868
11.7715 31.9092
11.8715 45.3998
11.9715 38.6715
12.0715 43.2672
12.1715 46.795
12.2715 45.4375
12.3715 47.3807
12.4715 47.8236
12.5715 51.1897
12.6715 48.4109
12.7715 48.4304
12.8715 47.7359
12.9715 47.5382
13.0715 50.5785
13.1715 48.0497
13.2715 32.3586
13.3715 48.3736
13.4715 42.7486
13.5715 50.4285
13.6715 50.1956
13.7715 48.7439
13.8715 49.7768
13.9715 50.6144
14.0715 49.7952
14.1715 47.2731
14.2715 50.5503
14.3715 48.9561
14.4715 45.5833
14.5715 48.8495
14.6715 47.4884
14.7715 43.7296
14.8715 48.1357
14.9715 50.6874
15.0715 38.0426
15.1715 54.8904
15.2715 52.7278
15.3715 47.3304
15.4715 41.8435
15.5715 38.0234
15.6715 39.6634
15.7715 42.9187
15.8715 49.0713
15.9715 51.2734
16.0715 35.328
16.1715 40.5859
16.2715 52.584
16.3715 50.9313
16.4715 48.2444
16.5715 48.4537
16.6715 54.6412
16.7715 49.2783
16.8715 48.3178
16.9715 52.2606
17.0715 33.5765
17.2715 49.3799
17.3715 43.7656
17.4715 52.2117
17.5715 40.2145
17.6715 42.6507
17.7715 50.4886
17.8715 36.5815
17.9715 46.2012
18.0715 49.4829
18.1715 44.4295
18.2715 45.6315
18.3715 52.2227
18.4715 48.8489
18.5715 50.9311
18.6715 50.9496
18.7715 47.9749
18.8715 44.591
18.9715 50.1432
19.0715 41.9575
19.1715 54.0279
19.2715 44.8028
19.3715 44.206
19.4715 46.9649
19.5715 45.2883
19.6715 54.5267
19.7715 47.5396
19.8715 46.1845
19.9715 47.8175
20.0715 46.1558
20.1715 46.8928
20.2715 34.3625
20.3715 35.6253
20.4715 43.533
20.5715 42.0244
20.7715 57.6602
20.8715 37.9795
21.0715 52.3437
21.1715 45.7535
21.2715 50.2097
21.3715 43.5357
21.4715 41.6658
21.5715 43.3066
21.6715 50.7037
21.7715 50.9082
21.8715 51.5808
21.9715 52.1846
22.0715 48.7649
22.1715 44.686
22.2715 47.4861
22.3715 52.1687
22.4715 53.8969
22.5715 52.1308
22.6715 47.2023
22.7715 43.1257
22.8715 49.5971
22.9715 53.8327
23.0715 49.5056
23.1715 45.9397
23.2715 53.526
23.3715 49.892
23.4715 53.0534
23.5715 48.4956
23.6715 44.9069
23.7715 50.7807
23.8715 49.7588
23.9715 38.56
24.0715 45.908
24.1715 49.2149
24.2715 45.6112
24.3715 52.2679
24.4715 45.9918
24.5715 48.7082
24.6715 51.6402
24.7715 53.7569
24.8715 54.0407
24.9715 46.0296
25.0715 43.1218
25.1715 35.8751
25.3715 48.7441
25.4715 51.3365
25.5715 54.8132
25.6715 41.7782
25.7715 51.3914
25.8715 34.0248
25.9715 54.0384
26.0715 53.9897
26.1715 43.123
26.2715 45.1151
26.3715 50.7119
26.4715 56.4638
26.5715 45.4824
26.6715 51.2189
26.7715 51.0075
26.8715 49.0479
26.9715 48.0783
27.0715 46.691
27.1715 47.8506
27.2715 51.5188
27.3715 39.3085
27.4715 49.8201
27.5715 41.7838
27.6715 47.8737
27.7715 53.2684
27.8715 47.7552
27.9715 52.8847
28.0715 46.4709
28.1715 47.8725
28.2715 51.2732
28.3715 46.1699
28.4715 51.0446
28.5715 48.3172
28.6715 45.0643
28.7715 53.8933
28.8715 51.967
28.9715 46.3913
29.0715 54.6284
29.1715 55.3209
29.2715 50.7268
29.3715 44.2853
29.4715 48.1283
29.5715 46.839
29.6715 41.2051
29.7715 50.5187
29.8715 47.9572
29.9715 54.6847
30.0715 52.743
30.1715 47.0117
30.2715 45.1598
30.3715 50.5036
30.4715 56.4755
30.5715 59.2157
30.6715 48.9156
30.7715 48.7842
30.8715 39.6228
30.9715 47.6242
31.0715 53.7903
31.1715 47.9576
31.2715 45.8838
31.3715 48.2456
31.4715 46.8697
31.5715 42.8948
31.6715 51.896
31.7715 57.9366
31.8715 41.1304
31.9715 52.5506
32.0715 54.4831
32.1715 47.3053
32.2715 47.4563
32.3715 50.536
32.4715 44.6988
32.5715 54.7156
32.6715 48.6161
32.7715 46.2333
32.8715 49.3296
32.9715 54.4867
33.0715 56.5578
33.1715 50.8329
33.2715 56.631
33.3715 56.6495
33.4715 52.638
33.5715 54.02
33.6715 42.9035
33.7715 46.0072
33.8715 53.1826
33.9715 45.9266
34.0715 51.2084
34.1715 45.4762
34.2715 51.0914
34.3715 33.117
34.4715 51.3048
34.5715 51.9183
34.6715 42.8077
34.7715 51.182
34.8715 47.9045
34.9715 57.1673
35.0715 46.5159
35.2715 43.263
35.3715 59.0639
35.4715 55.2608
35.5715 56.1064
35.6715 49.1074
35.7715 52.084
35.8715 52.6905
35.9715 50.9935
36.0715 48.5773
36.1715 57.63
36.2715 44.8679
36.3715 48.4985
36.4715 56.9479
36.5715 49.1534
36.6715 43.5391
36.7715 54.1873
36.8715 50.7925
36.9715 53.5218
37.0715 50.2327
37.1715 47.5596
37.2715 37.1525
37.3715 45.3771
37.4715 43.0012
37.5715 50.7216
37.6715 54.8876
37.7715 54.8111
37.8715 45.3443
37.9715 58.2385
38.0715 47.9913
38.1715 47.0785
38.2715 44.1124
38.3715 45.249
38.4715 49.1274
38.5715 52.336
38.6715 51.5669
38.7715 55.3487
38.8715 47.3337
38.9715 52.0197
39.0715 53.885
39.1715 38.7631
39.2715 42.7257
39.3715 56.5198
39.4715 56.2229
39.5715 50.7747
39.6715 58.908
39.7715 40.3975
39.8715 45.291
39.9715 48.3703
40.1715 52.7724
40.2715 54.6655
40.3715 49.735
40.4715 44.0263
40.5715 55.3629
40.6715 53.6834
40.7715 57.669
40.8715 54.4152
40.9715 46.4682
41.0715 50.9837
41.1715 52.3283
41.2715 45.4452
41.3715 54.5295
41.4715 39.0709
41.5715 45.2249
41.6715 53.4668
41.7715 51.2971
41.8715 49.6809
41.9715 42.7635
42.0715 53.5977
42.1715 53.7821
42.2715 44.7577
42.3715 55.4569
42.4715 42.6297
42.5715 47.3796
42.6715 56.6322
42.7715 49.8995
42.8715 45.9863
42.9715 50.1226
43.0715 50.3594
43.1715 59.1215
43.2715 50.4461
43.3715 51.1483
43.4715 58.5732
43.5715 52.247
43.6715 53.1233
43.7715 52.283
43.8715 47.2499
43.9715 37.7363
44.0715 51.8433
44.1715 47.0061
44.2715 60.264
44.3715 48.2519
44.4715 54.1413
44.5715 50.1399
44.6715 42.1882
44.7715 48.7475
44.8715 53.0188
44.9715 58.3568
45.0715 49.5051
45.1715 57.1094
45.2715 49.4522
45.3715 57.4478
45.4715 50.8478
45.5715 54.0473
45.6715 48.8505
45.7715 56.9934
45.8715 47.7438
45.9715 59.6332
46.0715 42.4688
46.1715 57.7108
46.2715 39.7542
46.3715 57.0967
46.4715 59.9592
46.5715 47.37
46.6715 39.1301
46.7715 52.1446
46.8715 61.4925
46.9715 58.0996
47.0715 45.2713
47.1715 54.0501
47.2715 56.6933
47.3715 52.1605
47.4715 59.1719
47.5715 52.653
47.6715 54.1107
47.7715 49.1847
47.8715 51.1295
47.9715 52.0471
48.0715 51.689
48.1715 46.5937
48.2715 57.4412
48.3715 56.6528
48.4715 58.8867
48.5715 49.115
48.6715 60.1926
48.7715 52.6707
48.8715 56.1229
48.9715 49.7054
49.0715 47.8897
49.1715 47.8665
49.2715 47.8433
49.3715 47.8201
49.4715 47.7969
49.5715 47.7737
49.6715 47.7505
49.7715 47.7273
49.8715 47.7041
49.9715 47.6809
50.0715 47.6577
50.1715 47.6344
50.2715 47.6112
50.3715 47.588
50.4715 47.5648
50.5715 47.5416
50.6715 47.5184
50.7715 47.4952
50.8715 47.472
50.9715 47.4488
51.0715 47.4256
51.1715 47.4024
51.2715 47.3792
51.3715 47.3559
51.4715 47.3327
51.5715 47.3095
51.6715 47.2863
51.7715 47.2631
51.8715 47.2399
51.9715 47.2167
52.0715 47.1935
52.1715 47.1703
52.2715 47.1471
52.3715 47.1239
52.4715 47.1006
52.5715 47.0774
52.6715 47.0542
52.7715 47.031
52.8715 47.0078
52.9715 46.9846
53.0715 46.9614
53.1715 46.9382
53.2715 46.915
53.3715 46.8918
53.4715 46.8686
53.5715 46.8454
53.6715 46.8221
53.7715 46.7989
53.8715 46.7757
53.9715 46.7525
54.0715 46.7293
54.1715 46.7061
54.2715 46.6829
54.3715 46.6597
54.4715 46.6365
54.5715 46.6133
54.6715 46.5901
54.7715 46.5669
54.8715 46.5436
54.9715 46.5204
55.0715 46.4972
55.1715 46.474
55.2715 46.4508
55.3715 46.4276
55.4715 46.4044
55.5715 46.3812
55.6715 46.358
55.7715 46.3348
55.8715 46.3116
55.9715 46.2884
56.0715 46.2651
56.1715 46.2419
56.2715 46.2187
56.3715 46.1955
56.4715 46.1723
56.5715 46.1491
56.6715 46.1259
56.7715 46.1027
56.8715 46.0795
56.9715 46.0563
57.0715 46.0331
57.1715 46.0098
57.2715 45.9866
57.3715 45.9634
57.4715 45.9402
57.5715 45.917
57.6715 45.8938
57.7715 45.8706
57.8715 45.8474
57.9715 45.8242
58.0715 45.801
58.1715 45.7778
58.2715 45.7546
58.3715 45.7313
58.4715 45.7081
58.5715 45.6849
58.6715 45.6617
58.7715 45.6385
58.8715 45.6153
58.9715 45.5921
59.0715 45.5689
59.1715 45.5457
59.2715 45.5225
59.3715 45.4993
59.4715 45.4761
59.5715 45.4528
59.6715 45.4296
59.7715 45.4064
59.8715 45.3832
59.9715 45.36
60.0715 45.3368
60.1715 45.3136
60.2715 45.2904
60.3715 45.2672
60.4715 45.244
60.5715 45.2208
60.6715 45.1975
60.7715 45.1743
60.8715 45.1511
60.9715 45.1279
61.0715 45.1047
61.1715 45.0815
61.2715 45.0583
61.3715 45.0351
61.4715 45.0119
61.5715 44.9887
61.6715 44.9655
61.7715 44.9423
61.8715 44.919
61.9715 44.8958
62.0715 44.8726
62.1715 44.8494
62.2715 44.8262
62.3715 44.803
62.4715 44.7798
62.5715 44.7566
62.6715 44.7334
62.7715 44.7102
62.9715 44.687
63.0715 44.6638
63.1715 44.6405
63.2715 44.6173
63.3715 44.5941
63.4715 44.5709
63.5715 44.5477
63.6715 44.5245
63.7715 44.5013
63.8715 44.4781
63.9715 44.4549
64.0715 44.4317
64.1715 44.4085
64.2715 44.3853
64.3715 44.362
64.4715 44.3388
64.5715 44.3156
64.6715 44.2924
64.7715 44.2692
64.8715 44.246
64.9715 44.2228
65.0715 44.1996
65.1715 44.1764
65.2715 44.1532
65.3715 44.13
65.4715 44.1067
65.5715 44.0835
65.6715 44.0603
65.7715 44.0371
65.8715 44.0139
65.9715 43.9907
66.0715 43.9675
66.1715 43.9443
66.2715 43.9211
66.3715 43.8979
66.4715 43.8747
66.5715 43.8515
66.6715 43.8282
66.7715 43.805
66.8715 43.7818
66.9715 43.7586
67.0715 43.7354
67.1715 43.7122
67.2715 43.689
67.3715 43.6658
67.4715 43.6426
67.5715 43.6194
67.6715 43.5962
67.7715 43.573
67.8715 43.5497
67.9715 43.5265
68.0715 43.5033
68.1715 43.4801
68.2715 43.4569
68.3715 43.4337
68.4715 43.4105
68.5715 43.3873
68.6715 43.3641
68.7715 43.3409
68.8715 43.3177
68.9715 43.2945
69.0715 43.2712
69.1715 43.248
69.2715 43.2248
69.3715 43.2016
69.4715 43.1784
69.5715 43.1552
69.6715 43.132
69.7715 43.1088
69.8715 43.0856
69.9715 43.0624
70.0715 43.0392
70.1715 43.0159
70.2715 42.9927
70.3715 42.9695
70.4715 42.9463
70.5715 42.9231
70.6715 42.8999
70.7715 42.8767
70.8715 42.8535
70.9715 42.8303
71.0715 42.8071
71.1715 42.7839
71.2715 42.7607
71.3715 42.7374
71.4715 42.7142
71.5715 42.691
71.6715 42.6678
71.7715 42.6446
71.8715 42.6214
71.9715 42.5982
72.0715 42.575
72.1715 42.5518
72.2715 42.5286
72.3715 42.5054
72.4715 42.4822
72.5715 42.4589
72.6715 42.4357
72.7715 42.4125
72.8715 42.3893
72.9715 42.3661
73.0715 42.3429
73.1715 42.3197
73.2715 42.2965
73.3715 42.2733
73.4715 42.2501
73.5715 42.2269
73.6715 42.2036
73.7715 42.1804
73.8715 42.1572
73.9715 42.134
74.0715 42.1108
74.1715 42.0876
74.2715 42.0644
74.3715 42.0412
74.4715 42.018
74.5715 41.9948
74.6715 41.9716
74.7715 41.9484
74.8715 41.9251
74.9715 41.9019
75.0715 41.8787
75.1715 41.8555
75.2715 41.8323
75.3715 41.8091
75.4715 41.7859
75.5715 41.7627
75.6715 41.7395
75.7715 41.7163
75.8715 41.6931
75.9715 41.6699
76.0715 41.6466
76.1715 41.6234
76.2715 41.6002
76.3715 41.577
76.4715 41.5538
76.5715 41.5306
76.6715 41.5074
76.7715 41.4842
76.8715 41.461
76.9715 41.4378
77.0715 41.4146
77.1715 41.3914
77.2715 41.3681
77.3715 41.3449
77.4715 41.3217
77.5715 41.2985
77.6715 41.2753
77.7715 41.2521
77.8715 41.2289
77.9715 41.2057
78.0715 41.1825
78.1715 41.1593
78.2715 41.1361
78.3715 41.1128
78.4715 41.0896
78.5715 41.0664
78.6715 41.0432
78.7715 41.02
78.8715 40.9968
78.9715 40.9736
79.0715 40.9504
79.1715 40.9272
79.2715 40.904
79.3715 40.8808
79.4715 40.8576
79.5715 40.8343
79.6715 40.8111
79.7715 40.7879
79.8715 40.7647
79.9715 40.7415
80.0715 40.7183
80.1715 40.6951
80.2715 40.6719
80.3715 40.6487
80.4715 40.6255
80.5715 40.6023
80.6715 40.5791
80.7715 40.5558
80.8715 40.5326
80.9715 40.5094
81.0715 40.4862
81.1715 40.463
81.2715 40.4398
81.3715 40.4166
81.4715 40.3934
81.5715 40.3702
81.6715 40.347
81.7715 40.3238
81.8715 40.3006
81.9715 40.2773
82.0715 40.2541
82.1715 40.2309
82.2715 40.2077
82.3715 40.1845
82.4715 40.1613
82.5715 40.1381
82.6715 40.1149
82.7715 40.0917
82.8715 40.0685
82.9715 40.0453
83.0715 40.022
83.1715 39.9988
83.2715 39.9756
83.3715 39.9524
83.4715 39.9292
83.5715 39.906
83.6715 39.8828
83.7715 39.8596
83.8715 39.8364
83.9715 39.8132
84.0715 39.79
84.1715 39.7668
84.2715 39.7435
84.3715 39.7203
84.4715 39.6971
84.5715 39.6739
84.6715 39.6507
84.7715 39.6275
84.8715 39.6043
84.9715 39.5811
85.0715 39.5579
85.1715 39.5347
85.2715 39.5115
85.3715 39.4883
85.4715 39.465
85.5715 39.4418
85.6715 39.4186
85.7715 39.3954
85.8715 39.3722
85.9715 39.349
86.0715 39.3258
86.1715 39.3026
86.2715 39.2794
86.3715 39.2562
86.4715 39.233
86.5715 39.2097
86.6715 39.1865
86.7715 39.1633
86.8715 39.1401
86.9715 39.1169
87.0715 39.0937
87.1715 39.0705
87.2715 39.0473
87.3715 39.0241
87.4715 39.0009
87.5715 38.9777
87.6715 38.9545
87.7715 38.9312
87.8715 38.908
87.9715 38.8848
88.0715 38.8616
88.1715 38.8384
88.2715 38.8152
88.3715 38.792
88.4715 38.7688
88.5715 38.7456
88.6715 38.7224
88.7715 38.6992
88.8715 38.676
88.9715 38.6527
89.0715 38.6295
89.1715 38.6063
89.2715 38.5831
89.3715 38.5599
89.4715 38.5367
89.5715 38.5135
89.6715 38.4903
89.7715 38.4671
89.8715 38.4439
89.9715 38.4207
90.0715 38.3975
90.1715 38.3742
90.2715 38.351
90.3715 38.3278
90.4715 38.3046
90.5715 38.2814
90.6715 38.2582
90.7715 38.235
90.8715 38.2118
90.9715 38.1886
91.0715 38.1654
91.1715 38.1422
91.2715 38.1189
91.3715 38.0957
91.4715 38.0725
91.5715 38.0493
91.6715 38.0261
91.7715 38.0029
91.8715 37.9797
91.9715 37.9565
92.0715 37.9333
92.1715 37.9101
92.2715 37.8869
92.3715 37.8637
92.4715 37.8404
92.5715 37.8172
92.6715 37.794
92.7715 37.7708
92.8715 37.7476
92.9715 37.7244
93.0715 37.7012
93.1715 37.678
93.2715 37.6548
93.3715 37.6316
93.4715 37.6084
93.5715 37.5852
93.6715 37.5619
93.7715 37.5387
93.8715 37.5155
93.9715 37.4923
94.0715 37.4691
94.1715 37.4459
94.2715 37.4227
94.3715 37.3995
94.4715 37.3763
94.5715 37.3531
94.6715 37.3299
94.7715 37.3067
94.9715 37.2834
95.0715 37.2602
95.1715 37.237
95.2715 37.2138
95.3715 37.1906
95.4715 37.1674
95.5715 37.1442
95.6715 37.121
95.7715 37.0978
95.8715 37.0746
95.9715 37.0514
96.0715 37.0281
96.1715 37.0049
96.2715 36.9817
96.3715 36.9585
96.4715 36.9353
96.5715 36.9121
96.6715 36.8889
96.7715 36.8657
96.8715 36.8425
96.9715 36.8193
97.0715 36.7961
97.1715 36.7729
97.2715 36.7496
97.3715 36.7264
97.4715 36.7032
97.5715 36.68
97.6715 36.6568
97.7715 36.6336
97.8715 36.6104
97.9715 36.5872
98.0715 36.564
98.1715 36.5408
98.2715 36.5176
98.3715 36.4944
98.4715 36.4711
98.5715 36.4479
98.6715 36.4247
98.7715 36.4015
98.8715 36.3783
98.9715 36.3551
99.0715 36.3319
99.1715 36.3087
99.2715 36.2855
99.3715 36.2623
99.4715 36.2391
99.5715 36.2159
99.6715 36.1926
99.7715 36.1694
99.8715 36.1462
99.9715 36.123
