0.0715493 43.6955
0.171549 49.9363
0.266583 45.8802
0.271549 43.4837
0.371549 40.8388
0.471549 49.6098
0.571549 39.7449
0.671549 49.6844
0.771549 48.2947
0.971549 48.5771
1.07155 41.3006
1.17155 50.2636
1.27155 48.0497
1.37155 53.2429
1.47155 50.918
1.57155 45.2924
1.67155 35.5365
1.77155 40.6757
1.97155 49.1473
2.07155 51.5879
2.17155 31.8737
2.27155 40.9601
2.37155 50.2773
2.47155 39.1524
2.57155 49.4874
2.67155 45.1881
2.77155 43.1377
2.87155 43.5091
2.97155 45.1314
3.07155 49.8427
3.17155 48.1707
3.27155 49.7498
3.37155 44.168
3.47155 44.2065
3.57155 41.6294
3.67155 38.0573
3.77155 50.0216
3.87155 47.6506
3.97155 44.6619
4.07155 49.7198
4.17155 42.2546
4.27155 47.5785
4.37155 37.687
4.47155 46.423
4.57155 40.2071
4.67155 36.9817
4.77155 40.3242
4.87155 47.442
4.97155 37.4701
5.07155 51.2411
5.17155 46.9458
5.27155 52.7457
5.37155 48.5716
5.47155 49.799
5.57155 43.5367
5.67155 45.5116
5.77155 42.0408
5.87155 42.0013
5.97155 54.2837
6.07155 45.0781
6.17155 51.1162
6.27155 45.3628
6.37155 50.567
6.47155 47.3927
6.57155 33.5055
6.67155 51.7651
6.77155 36.5738
6.87155 40.6534
6.97155 34.4439
7.07155 49.7517
7.17155 44.6518
7.37155 45.6712
7.47155 47.5451
7.57155 52.233
7.67155 49.0549
7.77155 36.0705
7.87155 52.2904
7.97155 50.9828
8.07155 37.957
8.17155 44.1171
8.27155 44.5627
8.37155 44.7704
8.47155 51.2839
8.57155 42.3101
8.67155 46.9951
8.77155 34.0655
8.87155 49.2602
8.97155 48.8194
9.07155 42.1387
9.17155 52.2039
9.27155 48.395
9.37155 47.106
9.47155 49.9813
9.57155 41.1158
9.67155 48.4471
9.77155 49.9684
9.87155 46.7611
9.97155 44.8427
10.0715 37.6618
10.1715 49.9027
10.2715 36.6443
10.3715 42.1471
10.4715 34.5693
10.5715 46.5668
10.6715 46.563
10.7715 48.2241
10.8715 38.2271
10.9715 45.9247
11.0715 53.6886
11.1715 52.0095
11.2715 43.999
11.3715 40.374
11.4715 47.8993
11.5715 36.1734
11.6715 49.4868
11.7715 31.9092
11.8715 45.3998
11.9715 38.6715
12.0715 43.2672
12.1715 46.795
12.2715 45.4375
12.3715 47.3807
12.4715 47.8236
12.5715 51.1897
12.6715 48.4109
12.7715 48.4304
12.8715 47.7359
12.9715 47.5382
13.0715 50.5785
13.1715 48.0497
13.2715 32.3586
13.3715 48.3736
13.4715 42.7486
13.5715 50.4285
13.6715 50.1956
13.7715 48.7439
13.8715 49.7768
13.9715 50.6144
14.0715 49.7952
14.1715 47.2731
14.2715 50.5503
14.3715 48.9561
14.4715 45.5833
14.5715 48.8495
14.6715 47.4884
14.7715 43.7296
14.8715 48.1357
14.9715 50.6874
15.0715 38.0426
15.1715 54.8904
15.2715 52.7278
15.3715 47.3304
15.4715 41.8435
15.5715 38.0234
15.6715 39.6634
15.7715 42.9187
15.8715 49.0713
15.9715 51.2734
16.0715 35.328
16.1715 40.5859
16.2715 52.584
16.3715 50.9313
16.4715 48.2444
16.5715 48.4537
16.6715 54.6412
16.7715 49.2783
16.8715 48.3178
16.9715 52.2606
17.0715 33.5765
17.2715 49.3799
17.3715 43.7656
17.4715 52.2117
17.5715 40.2145
17.6715 42.6507
17.7715 50.4886
17.8715 36.5815
17.9715 46.2012
18.0715 49.4829
18.1715 44.4295
18.2715 45.6315
18.3715 52.2227
18.4715 48.8489
18.5715 50.9311
18.6715 50.9496
18.7715 47.9749
18.8715 44.591
18.9715 50.1432
19.0715 41.9575
19.1715 54.0279
19.2715 44.8028
19.3715 44.206
19.4715 46.9649
19.5715 45.2883
19.6715 54.5267
19.7715 47.5396
19.8715 46.1845
19.9715 47.8175
20.0715 46.1558
20.1715 46.8928
20.2715 34.3625
20.3715 35.6253
20.4715 43.533
20.5715 42.0244
20.7715 57.6602
20.8715 37.9795
21.0715 52.3437
21.1715 45.7535
21.2715 50.2097
21.3715 43.5357
21.4715 41.6658
21.5715 43.3066
21.6715 50.7037
21.7715 50.9082
21.8715 51.5808
21.9715 52.1846
22.0715 48.7649
22.1715 44.686
22.2715 47.4861
22.3715 52.1687
22.4715 53.8969
22.5715 52.1308
22.6715 47.2023
22.7715 43.1257
22.8715 49.5971
22.9715 53.8327
23.0715 49.5056
23.1715 45.9397
23.2715 53.526
23.3715 49.892
23.4715 53.0534
23.5715 48.4956
23.6715 44.9069
23.7715 50.7807
23.8715 49.7588
23.9715 38.56
24.0715 45.908
24.1715 49.2149
24.2715 45.6112
24.3715 52.2679
24.4715 45.9918
24.5715 48.7082
24.6715 51.6402
24.7715 53.7569
24.8715 54.0407
24.9715 46.0296
25.0715 43.1218
25.1715 35.8751
25.3715 48.7441
25.4715 51.3365
25.5715 54.8132
25.6715 41.7782
25.7715 51.3914
25.8715 34.0248
25.9715 54.0384
26.0715 53.9897
26.1715 43.123
26.2715 45.1151
26.3715 50.7119
26.4715 56.4638
26.5715 45.4824
26.6715 51.2189
26.7715 51.0075
26.8715 49.0479
26.9715 48.0783
27.0715 46.691
27.1715 47.8506
27.2715 51.5188
27.3715 39.3085
27.4715 49.8201
27.5715 41.7838
27.6715 47.8737
27.7715 53.2684
27.8715 47.7552
27.9715 52.8847
28.0715 46.4709
28.1715 47.8725
28.2715 51.2732
28.3715 46.1699
28.4715 51.0446
28.5715 48.3172
28.6715 45.0643
28.7715 53.8933
28.8715 51.967
28.9715 46.3913
29.0715 54.6284
29.1715 55.3209
29.2715 50.7268
29.3715 44.2853
29.4715 48.1283
29.5715 46.839
29.6715 41.2051
29.7715 50.5187
29.8715 47.9572
29.9715 54.6847
30.0715 52.743
30.1715 47.0117
30.2715 45.1598
30.3715 50.5036
30.4715 56.4755
30.5715 59.2157
30.6715 48.9156
30.7715 48.7842
30.8715 39.6228
30.9715 47.6242
31.0715 53.7903
31.1715 47.9576
31.2715 45.8838
31.3715 48.2456
31.4715 46.8697
31.5715 42.8948
31.6715 51.896
31.7715 57.9366
31.8715 41.1304
31.9715 52.5506
32.0715 54.4831
32.1715 47.3053
32.2715 47.4563
32.3715 50.536
32.4715 44.6988
32.5715 54.7156
32.6715 48.6161
32.7715 46.2333
32.8715 49.3296
32.9715 54.4867
33.0715 56.5578
33.1715 50.8329
33.2715 56.631
33.3715 56.6495
33.4715 52.638
33.5715 54.02
33.6715 42.9035
33.7715 46.0072
33.8715 53.1826
33.9715 45.9266
34.0715 51.2084
34.1715 45.4762
34.2715 51.0914
34.3715 33.117
34.4715 51.3048
34.5715 51.9183
34.6715 42.8077
34.7715 51.182
34.8715 47.9045
34.9715 57.1673
35.0715 46.5159
35.2715 43.263
35.3715 59.0639
35.4715 55.2608
35.5715 56.1064
35.6715 49.1074
35.7715 52.084
35.8715 52.6905
35.9715 50.9935
36.0715 48.5773
36.1715 57.63
36.2715 44.8679
36.3715 48.4985
36.4715 56.9479
36.5715 49.1534
36.6715 43.5391
36.7715 54.1873
36.8715 50.7925
36.9715 53.5218
37.0715 50.2327
37.1715 47.5596
37.2715 37.1525
37.3715 45.3771
37.4715 43.0012
37.5715 50.7216
37.6715 54.8876
37.7715 54.8111
37.8715 45.3443
37.9715 58.2385
38.0715 47.9913
38.1715 47.0785
38.2715 44.1124
38.3715 45.249
38.4715 49.1274
38.5715 52.336
38.6715 51.5669
38.7715 55.3487
38.8715 47.3337
38.9715 52.0197
39.0715 53.885
39.1715 38.7631
39.2715 42.7257
39.3715 56.5198
39.4715 56.2229
39.5715 50.7747
39.6715 58.908
39.7715 40.3975
39.8715 45.291
39.9715 48.3703
40.1715 52.7724
40.2715 54.6655
40.3715 49.735
40.4715 44.0263
40.5715 55.3629
40.6715 53.6834
40.7715 57.669
40.8715 54.4152
40.9715 46.4682
41.0715 50.9837
41.1715 52.3283
41.2715 45.4452
41.3715 54.5295
41.4715 39.0709
41.5715 45.2249
41.6715 53.4668
41.7715 51.2971
41.8715 49.6809
41.9715 42.7635
42.0715 53.5977
42.1715 53.7821
42.2715 44.7577
42.3715 55.4569
42.4715 42.6297
42.5715 47.3796
42.6715 56.6322
42.7715 49.8995
42.8715 45.9863
42.9715 50.1226
43.0715 50.3594
43.1715 59.1215
43.2715 50.4461
43.3715 51.1483
43.4715 58.5732
43.5715 52.247
43.6715 53.1233
43.7715 52.283
43.8715 47.2499
43.9715 37.7363
44.0715 51.8433
44.1715 47.0061
44.2715 60.264
44.3715 48.2519
44.4715 54.1413
44.5715 50.1399
44.6715 42.1882
44.7715 48.7475
44.8715 53.0188
44.9715 58.3568
45.0715 49.5051
45.1715 57.1094
45.2715 49.4522
45.3715 57.4478
45.4715 50.8478
45.5715 54.0473
45.6715 48.8505
45.7715 56.9934
45.8715 47.7438
45.9715 59.6332
46.0715 42.4688
46.1715 57.7108
46.2715 39.7542
46.3715 57.0967
46.4715 59.9592
46.5715 47.37
46.6715 39.1301
46.7715 52.1446
46.8715 61.4925
46.9715 58.0996
47.0715 45.2713
47.1715 54.0501
47.2715 56.6933
47.3715 52.1605
47.4715 59.1719
47.5715 52.653
47.6715 54.1107
47.7715 49.1847
47.8715 51.1295
47.9715 52.0471
48.0715 51.689
48.1715 46.5937
48.2715 57.4412
48.3715 56.6528
48.4715 58.8867
48.5715 49.115
48.6715 60.1926
48.7715 52.6707
48.8715 56.1229
48.9715 49.7054
49.0715 57.4027
49.1715 57.6963
49.2715 40.6478
49.3715 50.088
49.4715 50.7674
49.5715 55.2405
49.6715 60.183
49.7715 48.2704
49.8715 57.423
49.9715 53.4144
50.0715 59.1252
50.1715 56.0561
50.2715 60.2387
50.3715 57.91
50.4715 51.0526
50.5715 54.68
50.6715 54.6371
50.7715 57.3095
50.8715 61.0762
50.9715 46.373
51.0715 48.688
51.1715 48.666
51.2715 48.6441
51.3715 48.6221
51.4715 48.6002
51.5715 48.5782
51.6715 48.5562
51.7715 48.5343
51.8715 48.5123
51.9715 48.4904
52.0715 48.4684
52.1715 48.4465
52.2715 48.4245
52.3715 48.4025
52.4715 48.3806
52.5715 48.3586
52.6715 48.3367
52.7715 48.3147
52.8715 48.2927
52.9715 48.2708
53.0715 48.2488
53.1715 48.2269
53.2715 48.2049
53.3715 48.183
53.4715 48.161
53.5715 48.139
53.6715 48.1171
53.7715 48.0951
53.8715 48.0732
53.9715 48.0512
54.0715 48.0292
54.1715 48.0073
54.2715 47.9853
54.3715 47.9634
54.4715 47.9414
54.5715 47.9195
54.6715 47.8975
54.7715 47.8755
54.8715 47.8536
54.9715 47.8316
55.0715 47.8097
55.1715 47.7877
55.2715 47.7657
55.3715 47.7438
55.4715 47.7218
55.5715 47.6999
55.6715 47.6779
55.7715 47.656
55.8715 47.634
55.9715 47.612
56.0715 47.5901
56.1715 47.5681
56.2715 47.5462
56.3715 47.5242
56.4715 47.5022
56.5715 47.4803
56.6715 47.4583
56.7715 47.4364
56.8715 47.4144
56.9715 47.3925
57.0715 47.3705
57.1715 47.3485
57.2715 47.3266
57.3715 47.3046
57.4715 47.2827
57.5715 47.2607
57.6715 47.2387
57.7715 47.2168
57.8715 47.1948
57.9715 47.1729
58.0715 47.1509
58.1715 47.1289
58.2715 47.107
58.3715 47.085
58.4715 47.0631
58.5715 47.0411
58.6715 47.0192
58.7715 46.9972
58.8715 46.9752
58.9715 46.9533
59.0715 46.9313
59.1715 46.9094
59.2715 46.8874
59.3715 46.8654
59.4715 46.8435
59.5715 46.8215
59.6715 46.7996
59.7715 46.7776
59.8715 46.7557
59.9715 46.7337
60.0715 46.7117
60.1715 46.6898
60.2715 46.6678
60.3715 46.6459
60.4715 46.6239
60.5715 46.6019
60.6715 46.58
60.7715 46.558
60.8715 46.5361
60.9715 46.5141
61.0715 46.4922
61.1715 46.4702
61.2715 46.4482
61.3715 46.4263
61.4715 46.4043
61.5715 46.3824
61.6715 46.3604
61.7715 46.3384
61.8715 46.3165
61.9715 46.2945
62.0715 46.2726
62.1715 46.2506
62.2715 46.2287
62.3715 46.2067
62.4715 46.1847
62.5715 46.1628
62.6715 46.1408
62.7715 46.1189
62.9715 46.0969
63.0715 46.0749
63.1715 46.053
63.2715 46.031
63.3715 46.0091
63.4715 45.9871
63.5715 45.9651
63.6715 45.9432
63.7715 45.9212
63.8715 45.8993
63.9715 45.8773
64.0715 45.8554
64.1715 45.8334
64.2715 45.8114
64.3715 45.7895
64.4715 45.7675
64.5715 45.7456
64.6715 45.7236
64.7715 45.7016
64.8715 45.6797
64.9715 45.6577
65.0715 45.6358
65.1715 45.6138
65.2715 45.5919
65.3715 45.5699
65.4715 45.5479
65.5715 45.526
65.6715 45.504
65.7715 45.4821
65.8715 45.4601
65.9715 45.4381
66.0715 45.4162
66.1715 45.3942
66.2715 45.3723
66.3715 45.3503
66.4715 45.3284
66.5715 45.3064
66.6715 45.2844
66.7715 45.2625
66.8715 45.2405
66.9715 45.2186
67.0715 45.1966
67.1715 45.1746
67.2715 45.1527
67.3715 45.1307
67.4715 45.1088
67.5715 45.0868
67.6715 45.0649
67.7715 45.0429
67.8715 45.0209
67.9715 44.999
68.0715 44.977
68.1715 44.9551
68.2715 44.9331
68.3715 44.9111
68.4715 44.8892
68.5715 44.8672
68.6715 44.8453
68.7715 44.8233
68.8715 44.8014
68.9715 44.7794
69.0715 44.7574
69.1715 44.7355
69.2715 44.7135
69.3715 44.6916
69.4715 44.6696
69.5715 44.6476
69.6715 44.6257
69.7715 44.6037
69.8715 44.5818
69.9715 44.5598
70.0715 44.5378
70.1715 44.5159
70.2715 44.4939
70.3715 44.472
70.4715 44.45
70.5715 44.4281
70.6715 44.4061
70.7715 44.3841
70.8715 44.3622
70.9715 44.3402
71.0715 44.3183
71.1715 44.2963
71.2715 44.2743
71.3715 44.2524
71.4715 44.2304
71.5715 44.2085
71.6715 44.1865
71.7715 44.1646
71.8715 44.1426
71.9715 44.1206
72.0715 44.0987
72.1715 44.0767
72.2715 44.0548
72.3715 44.0328
72.4715 44.0108
72.5715 43.9889
72.6715 43.9669
72.7715 43.945
72.8715 43.923
72.9715 43.9011
73.0715 43.8791
73.1715 43.8571
73.2715 43.8352
73.3715 43.8132
73.4715 43.7913
73.5715 43.7693
73.6715 43.7473
73.7715 43.7254
73.8715 43.7034
73.9715 43.6815
74.0715 43.6595
74.1715 43.6376
74.2715 43.6156
74.3715 43.5936
74.4715 43.5717
74.5715 43.5497
74.6715 43.5278
74.7715 43.5058
74.8715 43.4838
74.9715 43.4619
75.0715 43.4399
75.1715 43.418
75.2715 43.396
75.3715 43.374
75.4715 43.3521
75.5715 43.3301
75.6715 43.3082
75.7715 43.2862
75.8715 43.2643
75.9715 43.2423
76.0715 43.2203
76.1715 43.1984
76.2715 43.1764
76.3715 43.1545
76.4715 43.1325
76.5715 43.1105
76.6715 43.0886
76.7715 43.0666
76.8715 43.0447
76.9715 43.0227
77.0715 43.0008
77.1715 42.9788
77.2715 42.9568
77.3715 42.9349
77.4715 42.9129
77.5715 42.891
77.6715 42.869
77.7715 42.847
77.8715 42.8251
77.9715 42.8031
78.0715 42.7812
78.1715 42.7592
78.2715 42.7373
78.3715 42.7153
78.4715 42.6933
78.5715 42.6714
78.6715 42.6494
78.7715 42.6275
78.8715 42.6055
78.9715 42.5835
79.0715 42.5616
79.1715 42.5396
79.2715 42.5177
79.3715 42.4957
79.4715 42.4738
79.5715 42.4518
79.6715 42.4298
79.7715 42.4079
79.8715 42.3859
79.9715 42.364
80.0715 42.342
80.1715 42.32
80.2715 42.2981
80.3715 42.2761
80.4715 42.2542
80.5715 42.2322
80.6715 42.2103
80.7715 42.1883
80.8715 42.1663
80.9715 42.1444
81.0715 42.1224
81.1715 42.1005
81.2715 42.0785
81.3715 42.0565
81.4715 42.0346
81.5715 42.0126
81.6715 41.9907
81.7715 41.9687
81.8715 41.9467
81.9715 41.9248
82.0715 41.9028
82.1715 41.8809
82.2715 41.8589
82.3715 41.837
82.4715 41.815
82.5715 41.793
82.6715 41.7711
82.7715 41.7491
82.8715 41.7272
82.9715 41.7052
83.0715 41.6832
83.1715 41.6613
83.2715 41.6393
83.3715 41.6174
83.4715 41.5954
83.5715 41.5735
83.6715 41.5515
83.7715 41.5295
83.8715 41.5076
83.9715 41.4856
84.0715 41.4637
84.1715 41.4417
84.2715 41.4197
84.3715 41.3978
84.4715 41.3758
84.5715 41.3539
84.6715 41.3319
84.7715 41.31
84.8715 41.288
84.9715 41.266
85.0715 41.2441
85.1715 41.2221
85.2715 41.2002
85.3715 41.1782
85.4715 41.1562
85.5715 41.1343
85.6715 41.1123
85.7715 41.0904
85.8715 41.0684
85.9715 41.0465
86.0715 41.0245
86.1715 41.0025
86.2715 40.9806
86.3715 40.9586
86.4715 40.9367
86.5715 40.9147
86.6715 40.8927
86.7715 40.8708
86.8715 40.8488
86.9715 40.8269
87.0715 40.8049
87.1715 40.7829
87.2715 40.761
87.3715 40.739
87.4715 40.7171
87.5715 40.6951
87.6715 40.6732
87.7715 40.6512
87.8715 40.6292
87.9715 40.6073
88.0715 40.5853
88.1715 40.5634
88.2715 40.5414
88.3715 40.5194
88.4715 40.4975
88.5715 40.4755
88.6715 40.4536
88.7715 40.4316
88.8715 40.4097
88.9715 40.3877
89.0715 40.3657
89.1715 40.3438
89.2715 40.3218
89.3715 40.2999
89.4715 40.2779
89.5715 40.2559
89.6715 40.234
89.7715 40.212
89.8715 40.1901
89.9715 40.1681
90.0715 40.1462
90.1715 40.1242
90.2715 40.1022
90.3715 40.0803
90.4715 40.0583
90.5715 40.0364
90.6715 40.0144
90.7715 39.9924
90.8715 39.9705
90.9715 39.9485
91.0715 39.9266
91.1715 39.9046
91.2715 39.8827
91.3715 39.8607
91.4715 39.8387
91.5715 39.8168
91.6715 39.7948
91.7715 39.7729
91.8715 39.7509
91.9715 39.7289
92.0715 39.707
92.1715 39.685
92.2715 39.6631
92.3715 39.6411
92.4715 39.6192
92.5715 39.5972
92.6715 39.5752
92.7715 39.5533
92.8715 39.5313
92.9715 39.5094
93.0715 39.4874
93.1715 39.4654
93.2715 39.4435
93.3715 39.4215
93.4715 39.3996
93.5715 39.3776
93.6715 39.3556
93.7715 39.3337
93.8715 39.3117
93.9715 39.2898
94.0715 39.2678
94.1715 39.2459
94.2715 39.2239
94.3715 39.2019
94.4715 39.18
94.5715 39.158
94.6715 39.1361
94.7715 39.1141
94.9715 39.0921
95.0715 39.0702
95.1715 39.0482
95.2715 39.0263
95.3715 39.0043
95.4715 38.9824
95.5715 38.9604
95.6715 38.9384
95.7715 38.9165
95.8715 38.8945
95.9715 38.8726
96.0715 38.8506
96.1715 38.8286
96.2715 38.8067
96.3715 38.7847
96.4715 38.7628
96.5715 38.7408
96.6715 38.7189
96.7715 38.6969
96.8715 38.6749
96.9715 38.653
97.0715 38.631
97.1715 38.6091
97.2715 38.5871
97.3715 38.5651
97.4715 38.5432
97.5715 38.5212
97.6715 38.4993
97.7715 38.4773
97.8715 38.4554
97.9715 38.4334
98.0715 38.4114
98.1715 38.3895
98.2715 38.3675
98.3715 38.3456
98.4715 38.3236
98.5715 38.3016
98.6715 38.2797
98.7715 38.2577
98.8715 38.2358
98.9715 38.2138
99.0715 38.1918
99.1715 38.1699
99.2715 38.1479
99.3715 38.126
99.4715 38.104
99.5715 38.0821
99.6715 38.0601
99.7715 38.0381
99.8715 38.0162
99.9715 37.9942
