0.0715493 43.6955
0.171549 49.9363
0.266583 45.8802
0.271549 43.4837
0.371549 40.8388
0.471549 49.6098
0.571549 39.7449
0.671549 49.6844
0.771549 48.2947
0.971549 48.5771
1.07155 41.3006
1.17155 50.2636
1.27155 48.0497
1.37155 53.2429
1.47155 50.918
1.57155 45.2924
1.67155 35.5365
1.77155 40.6757
1.97155 49.1473
2.07155 51.5879
2.17155 31.8737
2.27155 40.9601
2.37155 50.2773
2.47155 39.1524
2.57155 49.4874
2.67155 45.1881
2.77155 43.1377
2.87155 43.5091
2.97155 45.1314
3.07155 49.8427
3.17155 48.1707
3.27155 49.7498
3.37155 44.168
3.47155 44.2065
3.57155 41.6294
3.67155 38.0573
3.77155 50.0216
3.87155 47.6506
3.97155 44.6619
4.07155 49.7198
4.17155 42.2546
4.27155 47.5785
4.37155 37.687
4.47155 46.423
4.57155 40.2071
4.67155 36.9817
4.77155 40.3242
4.87155 47.442
4.97155 37.4701
5.07155 51.2411
5.17155 46.9458
5.27155 52.7457
5.37155 48.5716
5.47155 49.799
5.57155 43.5367
5.67155 45.5116
5.77155 42.0408
5.87155 42.0013
5.97155 54.2837
6.07155 45.0781
6.17155 51.1162
6.27155 45.3628
6.37155 50.567
6.47155 47.3927
6.57155 33.5055
6.67155 51.7651
6.77155 36.5738
6.87155 40.6534
6.97155 34.4439
7.07155 42.1553
7.17155 42.1127
7.37155 42.07
7.47155 42.0273
7.57155 41.9846
7.67155 41.9419
7.77155 41.8992
7.87155 41.8566
7.97155 41.8139
8.07155 41.7712
8.17155 41.7285
8.27155 41.6858
8.37155 41.6431
8.47155 41.6005
8.57155 41.5578
8.67155 41.5151
8.77155 41.4724
8.87155 41.4297
8.97155 41.3871
9.07155 41.3444
9.17155 41.3017
9.27155 41.259
9.37155 41.2163
9.47155 41.1736
9.57155 41.131
9.67155 41.0883
9.77155 41.0456
9.87155 41.0029
9.97155 40.9602
10.0715 40.9175
10.1715 40.8749
10.2715 40.8322
10.3715 40.7895
10.4715 40.7468
10.5715 40.7041
10.6715 40.6614
10.7715 40.6188
10.8715 40.5761
10.9715 40.5334
11.0715 40.4907
11.1715 40.448
11.2715 40.4053
11.3715 40.3627
11.4715 40.32
11.5715 40.2773
11.6715 40.2346
11.7715 40.1919
11.8715 40.1492
11.9715 40.1066
12.0715 40.0639
12.1715 40.0212
12.2715 39.9785
12.3715 39.9358
12.4715 39.8931
12.5715 39.8505
12.6715 39.8078
12.7715 39.7651
12.8715 39.7224
12.9715 39.6797
13.0715 39.6371
13.1715 39.5944
13.2715 39.5517
13.3715 39.509
13.4715 39.4663
13.5715 39.4236
13.6715 39.381
13.7715 39.3383
13.8715 39.2956
13.9715 39.2529
14.0715 39.2102
14.1715 39.1675
14.2715 39.1249
14.3715 39.0822
14.4715 39.0395
14.5715 38.9968
14.6715 38.9541
14.7715 38.9114
14.8715 38.8688
14.9715 38.8261
15.0715 38.7834
15.1715 38.7407
15.2715 38.698
15.3715 38.6553
15.4715 38.6127
15.5715 38.57
15.6715 38.5273
15.7715 38.4846
15.8715 38.4419
15.9715 38.3992
16.0715 38.3566
16.1715 38.3139
16.2715 38.2712
16.3715 38.2285
16.4715 38.1858
16.5715 38.1431
16.6715 38.1005
16.7715 38.0578
16.8715 38.0151
16.9715 37.9724
17.0715 37.9297
17.2715 37.8871
17.3715 37.8444
17.4715 37.8017
17.5715 37.759
17.6715 37.7163
17.7715 37.6736
17.8715 37.631
17.9715 37.5883
18.0715 37.5456
18.1715 37.5029
18.2715 37.4602
18.3715 37.4175
18.4715 37.3749
18.5715 37.3322
18.6715 37.2895
18.7715 37.2468
18.8715 37.2041
18.9715 37.1614
19.0715 37.1188
19.1715 37.0761
19.2715 37.0334
19.3715 36.9907
19.4715 36.948
19.5715 36.9053
19.6715 36.8627
19.7715 36.82
19.8715 36.7773
19.9715 36.7346
20.0715 36.6919
20.1715 36.6492
20.2715 36.6066
20.3715 36.5639
20.4715 36.5212
20.5715 36.4785
20.7715 36.4358
20.8715 36.3931
21.0715 36.3505
21.1715 36.3078
21.2715 36.2651
21.3715 36.2224
21.4715 36.1797
21.5715 36.137
21.6715 36.0944
21.7715 36.0517
21.8715 36.009
21.9715 35.9663
22.0715 35.9236
22.1715 35.881
22.2715 35.8383
22.3715 35.7956
22.4715 35.7529
22.5715 35.7102
22.6715 35.6675
22.7715 35.6249
22.8715 35.5822
22.9715 35.5395
23.0715 35.4968
23.1715 35.4541
23.2715 35.4114
23.3715 35.3688
23.4715 35.3261
23.5715 35.2834
23.6715 35.2407
23.7715 35.198
23.8715 35.1553
23.9715 35.1127
24.0715 35.07
24.1715 35.0273
24.2715 34.9846
24.3715 34.9419
24.4715 34.8992
24.5715 34.8566
24.6715 34.8139
24.7715 34.7712
24.8715 34.7285
24.9715 34.6858
25.0715 34.6431
25.1715 34.6005
25.3715 34.5578
25.4715 34.5151
25.5715 34.4724
25.6715 34.4297
25.7715 34.387
25.8715 34.3444
25.9715 34.3017
26.0715 34.259
26.1715 34.2163
26.2715 34.1736
26.3715 34.131
26.4715 34.0883
26.5715 34.0456
26.6715 34.0029
26.7715 33.9602
26.8715 33.9175
26.9715 33.8749
27.0715 33.8322
27.1715 33.7895
27.2715 33.7468
27.3715 33.7041
27.4715 33.6614
27.5715 33.6188
27.6715 33.5761
27.7715 33.5334
27.8715 33.4907
27.9715 33.448
28.0715 33.4053
28.1715 33.3627
28.2715 33.32
28.3715 33.2773
28.4715 33.2346
28.5715 33.1919
28.6715 33.1492
28.7715 33.1066
28.8715 33.0639
28.9715 33.0212
29.0715 32.9785
29.1715 32.9358
29.2715 32.8931
29.3715 32.8505
29.4715 32.8078
29.5715 32.7651
29.6715 32.7224
29.7715 32.6797
29.8715 32.637
29.9715 32.5944
30.0715 32.5517
30.1715 32.509
30.2715 32.4663
30.3715 32.4236
30.4715 32.381
30.5715 32.3383
30.6715 32.2956
30.7715 32.2529
30.8715 32.2102
30.9715 32.1675
31.0715 32.1249
31.1715 32.0822
31.2715 32.0395
31.3715 31.9968
31.4715 31.9541
31.5715 31.9114
31.6715 31.8688
31.7715 31.8261
31.8715 31.7834
31.9715 31.7407
32.0715 31.698
32.1715 31.6553
32.2715 31.6127
32.3715 31.57
32.4715 31.5273
32.5715 31.4846
32.6715 31.4419
32.7715 31.3992
32.8715 31.3566
32.9715 31.3139
33.0715 31.2712
33.1715 31.2285
33.2715 31.1858
33.3715 31.1431
33.4715 31.1005
33.5715 31.0578
33.6715 31.0151
33.7715 30.9724
33.8715 30.9297
33.9715 30.887
34.0715 30.8444
34.1715 30.8017
34.2715 30.759
34.3715 30.7163
34.4715 30.6736
34.5715 30.6309
34.6715 30.5883
34.7715 30.5456
34.8715 30.5029
34.9715 30.4602
35.0715 30.4175
35.2715 30.3749
35.3715 30.3322
35.4715 30.2895
35.5715 30.2468
35.6715 30.2041
35.7715 30.1614
35.8715 30.1188
35.9715 30.0761
36.0715 30.0334
36.1715 29.9907
36.2715 29.948
36.3715 29.9053
36.4715 29.8627
36.5715 29.82
36.6715 29.7773
36.7715 29.7346
36.8715 29.6919
36.9715 29.6492
37.0715 29.6066
37.1715 29.5639
37.2715 29.5212
37.3715 29.4785
37.4715 29.4358
37.5715 29.3931
37.6715 29.3505
37.7715 29.3078
37.8715 29.2651
37.9715 29.2224
38.0715 29.1797
38.1715 29.137
38.2715 29.0944
38.3715 29.0517
38.4715 29.009
38.5715 28.9663
38.6715 28.9236
38.7715 28.8809
38.8715 28.8383
38.9715 28.7956
39.0715 28.7529
39.1715 28.7102
39.2715 28.6675
39.3715 28.6249
39.4715 28.5822
39.5715 28.5395
39.6715 28.4968
39.7715 28.4541
39.8715 28.4114
39.9715 28.3688
40.1715 28.3261
40.2715 28.2834
40.3715 28.2407
40.4715 28.198
40.5715 28.1553
40.6715 28.1127
40.7715 28.07
40.8715 28.0273
40.9715 27.9846
41.0715 27.9419
41.1715 27.8992
41.2715 27.8566
41.3715 27.8139
41.4715 27.7712
41.5715 27.7285
41.6715 27.6858
41.7715 27.6431
41.8715 27.6005
41.9715 27.5578
42.0715 27.5151
42.1715 27.4724
42.2715 27.4297
42.3715 27.387
42.4715 27.3444
42.5715 27.3017
42.6715 27.259
42.7715 27.2163
42.8715 27.1736
42.9715 27.1309
43.0715 27.0883
43.1715 27.0456
43.2715 27.0029
43.3715 26.9602
43.4715 26.9175
43.5715 26.8749
43.6715 26.8322
43.7715 26.7895
43.8715 26.7468
43.9715 26.7041
44.0715 26.6614
44.1715 26.6188
44.2715 26.5761
44.3715 26.5334
44.4715 26.4907
44.5715 26.448
44.6715 26.4053
44.7715 26.3627
44.8715 26.32
44.9715 26.2773
45.0715 26.2346
45.1715 26.1919
45.2715 26.1492
45.3715 26.1066
45.4715 26.0639
45.5715 26.0212
45.6715 25.9785
45.7715 25.9358
45.8715 25.8931
45.9715 25.8505
46.0715 25.8078
46.1715 25.7651
46.2715 25.7224
46.3715 25.6797
46.4715 25.637
46.5715 25.5944
46.6715 25.5517
46.7715 25.509
46.8715 25.4663
46.9715 25.4236
47.0715 25.3809
47.1715 25.3383
47.2715 25.2956
47.3715 25.2529
47.4715 25.2102
47.5715 25.1675
47.6715 25.1248
47.7715 25.0822
47.8715 25.0395
47.9715 24.9968
48.0715 24.9541
48.1715 24.9114
48.2715 24.8688
48.3715 24.8261
48.4715 24.7834
48.5715 24.7407
48.6715 24.698
48.7715 24.6553
48.8715 24.6127
48.9715 24.57
49.0715 24.5273
49.1715 24.4846
49.2715 24.4419
49.3715 24.3992
49.4715 24.3566
49.5715 24.3139
49.6715 24.2712
49.7715 24.2285
49.8715 24.1858
49.9715 24.1431
50.0715 24.1005
50.1715 24.0578
50.2715 24.0151
50.3715 23.9724
50.4715 23.9297
50.5715 23.887
50.6715 23.8444
50.7715 23.8017
50.8715 23.759
50.9715 23.7163
51.0715 23.6736
51.1715 23.6309
51.2715 23.5883
51.3715 23.5456
51.4715 23.5029
51.5715 23.4602
51.6715 23.4175
51.7715 23.3748
51.8715 23.3322
51.9715 23.2895
52.0715 23.2468
52.1715 23.2041
52.2715 23.1614
52.3715 23.1188
52.4715 23.0761
52.5715 23.0334
52.6715 22.9907
52.7715 22.948
52.8715 22.9053
52.9715 22.8627
53.0715 22.82
53.1715 22.7773
53.2715 22.7346
53.3715 22.6919
53.4715 22.6492
53.5715 22.6066
53.6715 22.5639
53.7715 22.5212
53.8715 22.4785
53.9715 22.4358
54.0715 22.3931
54.1715 22.3505
54.2715 22.3078
54.3715 22.2651
54.4715 22.2224
54.5715 22.1797
54.6715 22.137
54.7715 22.0944
54.8715 22.0517
54.9715 22.009
55.0715 21.9663
55.1715 21.9236
55.2715 21.8809
55.3715 21.8383
55.4715 21.7956
55.5715 21.7529
55.6715 21.7102
55.7715 21.6675
55.8715 21.6248
55.9715 21.5822
56.0715 21.5395
56.1715 21.4968
56.2715 21.4541
56.3715 21.4114
56.4715 21.3688
56.5715 21.3261
56.6715 21.2834
56.7715 21.2407
56.8715 21.198
56.9715 21.1553
57.0715 21.1127
57.1715 21.07
57.2715 21.0273
57.3715 20.9846
57.4715 20.9419
57.5715 20.8992
57.6715 20.8566
57.7715 20.8139
57.8715 20.7712
57.9715 20.7285
58.0715 20.6858
58.1715 20.6431
58.2715 20.6005
58.3715 20.5578
58.4715 20.5151
58.5715 20.4724
58.6715 20.4297
58.7715 20.387
58.8715 20.3444
58.9715 20.3017
59.0715 20.259
59.1715 20.2163
59.2715 20.1736
59.3715 20.1309
59.4715 20.0883
59.5715 20.0456
59.6715 20.0029
59.7715 19.9602
59.8715 19.9175
59.9715 19.8748
60.0715 19.8322
60.1715 19.7895
60.2715 19.7468
60.3715 19.7041
60.4715 19.6614
60.5715 19.6187
60.6715 19.5761
60.7715 19.5334
60.8715 19.4907
60.9715 19.448
61.0715 19.4053
61.1715 19.3627
61.2715 19.32
61.3715 19.2773
61.4715 19.2346
61.5715 19.1919
61.6715 19.1492
61.7715 19.1066
61.8715 19.0639
61.9715 19.0212
62.0715 18.9785
62.1715 18.9358
62.2715 18.8931
62.3715 18.8505
62.4715 18.8078
62.5715 18.7651
62.6715 18.7224
62.7715 18.6797
62.9715 18.637
63.0715 18.5944
63.1715 18.5517
63.2715 18.509
63.3715 18.4663
63.4715 18.4236
63.5715 18.3809
63.6715 18.3383
63.7715 18.2956
63.8715 18.2529
63.9715 18.2102
64.0715 18.1675
64.1715 18.1248
64.2715 18.0822
64.3715 18.0395
64.4715 17.9968
64.5715 17.9541
64.6715 17.9114
64.7715 17.8687
64.8715 17.8261
64.9715 17.7834
65.0715 17.7407
65.1715 17.698
65.2715 17.6553
65.3715 17.6127
65.4715 17.57
65.5715 17.5273
65.6715 17.4846
65.7715 17.4419
65.8715 17.3992
65.9715 17.3566
66.0715 17.3139
66.1715 17.2712
66.2715 17.2285
66.3715 17.1858
66.4715 17.1431
66.5715 17.1005
66.6715 17.0578
66.7715 17.0151
66.8715 16.9724
66.9715 16.9297
67.0715 16.887
67.1715 16.8444
67.2715 16.8017
67.3715 16.759
67.4715 16.7163
67.5715 16.6736
67.6715 16.6309
67.7715 16.5883
67.8715 16.5456
67.9715 16.5029
68.0715 16.4602
68.1715 16.4175
68.2715 16.3748
68.3715 16.3322
68.4715 16.2895
68.5715 16.2468
68.6715 16.2041
68.7715 16.1614
68.8715 16.1187
68.9715 16.0761
69.0715 16.0334
69.1715 15.9907
69.2715 15.948
69.3715 15.9053
69.4715 15.8627
69.5715 15.82
69.6715 15.7773
69.7715 15.7346
69.8715 15.6919
69.9715 15.6492
70.0715 15.6066
70.1715 15.5639
70.2715 15.5212
70.3715 15.4785
70.4715 15.4358
70.5715 15.3931
70.6715 15.3505
70.7715 15.3078
70.8715 15.2651
70.9715 15.2224
71.0715 15.1797
71.1715 15.137
71.2715 15.0944
71.3715 15.0517
71.4715 15.009
71.5715 14.9663
71.6715 14.9236
71.7715 14.8809
71.8715 14.8383
71.9715 14.7956
72.0715 14.7529
72.1715 14.7102
72.2715 14.6675
72.3715 14.6248
72.4715 14.5822
72.5715 14.5395
72.6715 14.4968
72.7715 14.4541
72.8715 14.4114
72.9715 14.3687
73.0715 14.3261
73.1715 14.2834
73.2715 14.2407
73.3715 14.198
73.4715 14.1553
73.5715 14.1126
73.6715 14.07
73.7715 14.0273
73.8715 13.9846
73.9715 13.9419
74.0715 13.8992
74.1715 13.8566
74.2715 13.8139
74.3715 13.7712
74.4715 13.7285
74.5715 13.6858
74.6715 13.6431
74.7715 13.6005
74.8715 13.5578
74.9715 13.5151
75.0715 13.4724
75.1715 13.4297
75.2715 13.387
75.3715 13.3444
75.4715 13.3017
75.5715 13.259
75.6715 13.2163
75.7715 13.1736
75.8715 13.1309
75.9715 13.0883
76.0715 13.0456
76.1715 13.0029
76.2715 12.9602
76.3715 12.9175
76.4715 12.8748
76.5715 12.8322
76.6715 12.7895
76.7715 12.7468
76.8715 12.7041
76.9715 12.6614
77.0715 12.6187
77.1715 12.5761
77.2715 12.5334
77.3715 12.4907
77.4715 12.448
77.5715 12.4053
77.6715 12.3626
77.7715 12.32
77.8715 12.2773
77.9715 12.2346
78.0715 12.1919
78.1715 12.1492
78.2715 12.1066
78.3715 12.0639
78.4715 12.0212
78.5715 11.9785
78.6715 11.9358
78.7715 11.8931
78.8715 11.8505
78.9715 11.8078
79.0715 11.7651
79.1715 11.7224
79.2715 11.6797
79.3715 11.637
79.4715 11.5944
79.5715 11.5517
79.6715 11.509
79.7715 11.4663
79.8715 11.4236
79.9715 11.3809
80.0715 11.3383
80.1715 11.2956
80.2715 11.2529
80.3715 11.2102
80.4715 11.1675
80.5715 11.1248
80.6715 11.0822
80.7715 11.0395
80.8715 10.9968
80.9715 10.9541
81.0715 10.9114
81.1715 10.8687
81.2715 10.8261
81.3715 10.7834
81.4715 10.7407
81.5715 10.698
81.6715 10.6553
81.7715 10.6126
81.8715 10.57
81.9715 10.5273
82.0715 10.4846
82.1715 10.4419
82.2715 10.3992
82.3715 10.3566
82.4715 10.3139
82.5715 10.2712
82.6715 10.2285
82.7715 10.1858
82.8715 10.1431
82.9715 10.1005
83.0715 10.0578
83.1715 10.0151
83.2715 9.9724
83.3715 9.92972
83.4715 9.88704
83.5715 9.84436
83.6715 9.80167
83.7715 9.75899
83.8715 9.71631
83.9715 9.67362
84.0715 9.63094
84.1715 9.58826
84.2715 9.54557
84.3715 9.50289
84.4715 9.46021
84.5715 9.41753
84.6715 9.37484
84.7715 9.33216
84.8715 9.28948
84.9715 9.24679
85.0715 9.20411
85.1715 9.16143
85.2715 9.11875
85.3715 9.07606
85.4715 9.03338
85.5715 8.9907
85.6715 8.94801
85.7715 8.90533
85.8715 8.86265
85.9715 8.81996
86.0715 8.77728
86.1715 8.7346
86.2715 8.69192
86.3715 8.64923
86.4715 8.60655
86.5715 8.56387
86.6715 8.52118
86.7715 8.4785
86.8715 8.43582
86.9715 8.39314
87.0715 8.35045
87.1715 8.30777
87.2715 8.26509
87.3715 8.2224
87.4715 8.17972
87.5715 8.13704
87.6715 8.09435
87.7715 8.05167
87.8715 8.00899
87.9715 7.96631
88.0715 7.92362
88.1715 7.88094
88.2715 7.83826
88.3715 7.79557
88.4715 7.75289
88.5715 7.71021
88.6715 7.66753
88.7715 7.62484
88.8715 7.58216
88.9715 7.53948
89.0715 7.49679
89.1715 7.45411
89.2715 7.41143
89.3715 7.36874
89.4715 7.32606
89.5715 7.28338
89.6715 7.2407
89.7715 7.19801
89.8715 7.15533
89.9715 7.11265
90.0715 7.06996
90.1715 7.02728
90.2715 6.9846
90.3715 6.94192
90.4715 6.89923
90.5715 6.85655
90.6715 6.81387
90.7715 6.77118
90.8715 6.7285
90.9715 6.68582
91.0715 6.64313
91.1715 6.60045
91.2715 6.55777
91.3715 6.51509
91.4715 6.4724
91.5715 6.42972
91.6715 6.38704
91.7715 6.34435
91.8715 6.30167
91.9715 6.25899
92.0715 6.21631
92.1715 6.17362
92.2715 6.13094
92.3715 6.08826
92.4715 6.04557
92.5715 6.00289
92.6715 5.96021
92.7715 5.91752
92.8715 5.87484
92.9715 5.83216
93.0715 5.78948
93.1715 5.74679
93.2715 5.70411
93.3715 5.66143
93.4715 5.61874
93.5715 5.57606
93.6715 5.53338
93.7715 5.4907
93.8715 5.44801
93.9715 5.40533
94.0715 5.36265
94.1715 5.31996
94.2715 5.27728
94.3715 5.2346
94.4715 5.19191
94.5715 5.14923
94.6715 5.10655
94.7715 5.06387
94.9715 5.02118
95.0715 4.9785
95.1715 4.93582
95.2715 4.89313
95.3715 4.85045
95.4715 4.80777
95.5715 4.76509
95.6715 4.7224
95.7715 4.67972
95.8715 4.63704
95.9715 4.59435
96.0715 4.55167
96.1715 4.50899
96.2715 4.4663
96.3715 4.42362
96.4715 4.38094
96.5715 4.33826
96.6715 4.29557
96.7715 4.25289
96.8715 4.21021
96.9715 4.16752
97.0715 4.12484
97.1715 4.08216
97.2715 4.03948
97.3715 3.99679
97.4715 3.95411
97.5715 3.91143
97.6715 3.86874
97.7715 3.82606
97.8715 3.78338
97.9715 3.74069
98.0715 3.69801
98.1715 3.65533
98.2715 3.61265
98.3715 3.56996
98.4715 3.52728
98.5715 3.4846
98.6715 3.44191
98.7715 3.39923
98.8715 3.35655
98.9715 3.31386
99.0715 3.27118
99.1715 3.2285
99.2715 3.18582
99.3715 3.14313
99.4715 3.10045
99.5715 3.05777
99.6715 3.01508
99.7715 2.9724
99.8715 2.92972
99.9715 2.88704
