0.0715493 43.6955
0.171549 49.9363
0.266583 45.8802
0.271549 43.4837
0.371549 40.8388
0.471549 49.6098
0.571549 39.7449
0.671549 49.6844
0.771549 48.2947
0.971549 48.5771
1.07155 41.3006
1.17155 50.2636
1.27155 48.0497
1.37155 53.2429
1.47155 50.918
1.57155 45.2924
1.67155 35.5365
1.77155 40.6757
1.97155 49.1473
2.07155 51.5879
2.17155 31.8737
2.27155 40.9601
2.37155 50.2773
2.47155 39.1524
2.57155 49.4874
2.67155 45.1881
2.77155 43.1377
2.87155 43.5091
2.97155 45.1314
3.07155 49.8427
3.17155 48.1707
3.27155 49.7498
3.37155 44.168
3.47155 44.2065
3.57155 41.6294
3.67155 38.0573
3.77155 50.0216
3.87155 47.6506
3.97155 44.6619
4.07155 49.7198
4.17155 42.2546
4.27155 47.5785
4.37155 37.687
4.47155 46.423
4.57155 40.2071
4.67155 36.9817
4.77155 40.3242
4.87155 47.442
4.97155 37.4701
5.07155 51.2411
5.17155 46.9458
5.27155 52.7457
5.37155 48.5716
5.47155 49.799
5.57155 43.5367
5.67155 45.5116
5.77155 42.0408
5.87155 42.0013
5.97155 54.2837
6.07155 45.0781
6.17155 51.1162
6.27155 45.3628
6.37155 50.567
6.47155 47.3927
6.57155 33.5055
6.67155 51.7651
6.77155 36.5738
6.87155 40.6534
6.97155 34.4439
7.07155 49.7517
7.17155 44.6518
7.37155 45.6712
7.47155 47.5451
7.57155 52.233
7.67155 49.0549
7.77155 36.0705
7.87155 52.2904
7.97155 50.9828
8.07155 37.957
8.17155 44.1171
8.27155 44.5627
8.37155 44.7704
8.47155 51.2839
8.57155 42.3101
8.67155 46.9951
8.77155 34.0655
8.87155 49.2602
8.97155 48.8194
9.07155 42.1387
9.17155 52.2039
9.27155 48.395
9.37155 47.106
9.47155 49.9813
9.57155 41.1158
9.67155 48.4471
9.77155 49.9684
9.87155 46.7611
9.97155 44.8427
10.0715 37.6618
10.1715 49.9027
10.2715 36.6443
10.3715 42.1471
10.4715 34.5693
10.5715 46.5668
10.6715 46.563
10.7715 48.2241
10.8715 38.2271
10.9715 45.9247
11.0715 53.6886
11.1715 52.0095
11.2715 43.999
11.3715 40.374
11.4715 47.8993
11.5715 36.1734
11.6715 49.4868
11.7715 31.9092
11.8715 45.3998
11.9715 38.6715
12.0715 43.2672
12.1715 46.795
12.2715 45.4375
12.3715 47.3807
12.4715 47.8236
12.5715 51.1897
12.6715 48.4109
12.7715 48.4304
12.8715 47.7359
12.9715 47.5382
13.0715 50.5785
13.1715 48.0497
13.2715 32.3586
13.3715 48.3736
13.4715 42.7486
13.5715 50.4285
13.6715 50.1956
13.7715 48.7439
13.8715 49.7768
13.9715 50.6144
14.0715 49.7952
14.1715 47.2731
14.2715 50.5503
14.3715 48.9561
14.4715 45.5833
14.5715 48.8495
14.6715 47.4884
14.7715 43.7296
14.8715 48.1357
14.9715 50.6874
15.0715 38.0426
15.1715 54.8904
15.2715 52.7278
15.3715 47.3304
15.4715 41.8435
15.5715 38.0234
15.6715 39.6634
15.7715 42.9187
15.8715 49.0713
15.9715 51.2734
16.0715 35.328
16.1715 40.5859
16.2715 52.584
16.3715 50.9313
16.4715 48.2444
16.5715 48.4537
16.6715 54.6412
16.7715 49.2783
16.8715 48.3178
16.9715 52.2606
17.0715 33.5765
17.2715 49.3799
17.3715 43.7656
17.4715 52.2117
17.5715 40.2145
17.6715 42.6507
17.7715 50.4886
17.8715 36.5815
17.9715 46.2012
18.0715 49.4829
18.1715 44.4295
18.2715 45.6315
18.3715 52.2227
18.4715 48.8489
18.5715 50.9311
18.6715 50.9496
18.7715 47.9749
18.8715 44.591
18.9715 50.1432
19.0715 41.9575
19.1715 54.0279
19.2715 44.8028
19.3715 44.206
19.4715 46.9649
19.5715 45.2883
19.6715 54.5267
19.7715 47.5396
19.8715 46.1845
19.9715 47.8175
20.0715 46.1558
20.1715 46.8928
20.2715 34.3625
20.3715 35.6253
20.4715 43.533
20.5715 42.0244
20.7715 57.6602
20.8715 37.9795
21.0715 52.3437
21.1715 45.7535
21.2715 50.2097
21.3715 43.5357
21.4715 41.6658
21.5715 43.3066
21.6715 50.7037
21.7715 50.9082
21.8715 51.5808
21.9715 52.1846
22.0715 48.7649
22.1715 44.686
22.2715 47.4861
22.3715 52.1687
22.4715 53.8969
22.5715 52.1308
22.6715 47.2023
22.7715 43.1257
22.8715 49.5971
22.9715 53.8327
23.0715 49.5056
23.1715 45.9397
23.2715 53.526
23.3715 49.892
23.4715 53.0534
23.5715 48.4956
23.6715 44.9069
23.7715 50.7807
23.8715 49.7588
23.9715 38.56
24.0715 45.908
24.1715 49.2149
24.2715 45.6112
24.3715 52.2679
24.4715 45.9918
24.5715 48.7082
24.6715 51.6402
24.7715 53.7569
24.8715 54.0407
24.9715 46.0296
25.0715 43.1218
25.1715 35.8751
25.3715 48.7441
25.4715 51.3365
25.5715 54.8132
25.6715 41.7782
25.7715 51.3914
25.8715 34.0248
25.9715 54.0384
26.0715 53.9897
26.1715 43.123
26.2715 45.1151
26.3715 50.7119
26.4715 56.4638
26.5715 45.4824
26.6715 51.2189
26.7715 51.0075
26.8715 49.0479
26.9715 48.0783
27.0715 46.691
27.1715 47.8506
27.2715 51.5188
27.3715 39.3085
27.4715 49.8201
27.5715 41.7838
27.6715 47.8737
27.7715 53.2684
27.8715 47.7552
27.9715 52.8847
28.0715 46.4709
28.1715 47.8725
28.2715 51.2732
28.3715 46.1699
28.4715 51.0446
28.5715 48.3172
28.6715 45.0643
28.7715 53.8933
28.8715 51.967
28.9715 46.3913
29.0715 54.6284
29.1715 55.3209
29.2715 50.7268
29.3715 44.2853
29.4715 48.1283
29.5715 46.839
29.6715 41.2051
29.7715 50.5187
29.8715 47.9572
29.9715 54.6847
30.0715 52.743
30.1715 47.0117
30.2715 45.1598
30.3715 50.5036
30.4715 56.4755
30.5715 59.2157
30.6715 48.9156
30.7715 48.7842
30.8715 39.6228
30.9715 47.6242
31.0715 53.7903
31.1715 47.9576
31.2715 45.8838
31.3715 48.2456
31.4715 46.8697
31.5715 42.8948
31.6715 51.896
31.7715 57.9366
31.8715 41.1304
31.9715 52.5506
32.0715 54.4831
32.1715 47.3053
32.2715 47.4563
32.3715 50.536
32.4715 44.6988
32.5715 54.7156
32.6715 48.6161
32.7715 46.2333
32.8715 49.3296
32.9715 54.4867
33.0715 56.5578
33.1715 50.8329
33.2715 56.631
33.3715 56.6495
33.4715 52.638
33.5715 54.02
33.6715 42.9035
33.7715 46.0072
33.8715 53.1826
33.9715 45.9266
34.0715 51.2084
34.1715 45.4762
34.2715 51.0914
34.3715 33.117
34.4715 51.3048
34.5715 51.9183
34.6715 42.8077
34.7715 51.182
34.8715 47.9045
34.9715 57.1673
35.0715 46.5159
35.2715 43.263
35.3715 59.0639
35.4715 55.2608
35.5715 56.1064
35.6715 49.1074
35.7715 52.084
35.8715 52.6905
35.9715 50.9935
36.0715 48.5773
36.1715 57.63
36.2715 44.8679
36.3715 48.4985
36.4715 56.9479
36.5715 49.1534
36.6715 43.5391
36.7715 54.1873
36.8715 50.7925
36.9715 53.5218
37.0715 45.5602
37.1715 45.5316
37.2715 45.5029
37.3715 45.4743
37.4715 45.4456
37.5715 45.4169
37.6715 45.3883
37.7715 45.3596
37.8715 45.331
37.9715 45.3023
38.0715 45.2737
38.1715 45.245
38.2715 45.2164
38.3715 45.1877
38.4715 45.1591
38.5715 45.1304
38.6715 45.1017
38.7715 45.0731
38.8715 45.0444
38.9715 45.0158
39.0715 44.9871
39.1715 44.9585
39.2715 44.9298
39.3715 44.9012
39.4715 44.8725
39.5715 44.8439
39.6715 44.8152
39.7715 44.7865
39.8715 44.7579
39.9715 44.7292
40.1715 44.7006
40.2715 44.6719
40.3715 44.6433
40.4715 44.6146
40.5715 44.586
40.6715 44.5573
40.7715 44.5287
40.8715 44.5
40.9715 44.4713
41.0715 44.4427
41.1715 44.414
41.2715 44.3854
41.3715 44.3567
41.4715 44.3281
41.5715 44.2994
41.6715 44.2708
41.7715 44.2421
41.8715 44.2135
41.9715 44.1848
42.0715 44.1561
42.1715 44.1275
42.2715 44.0988
42.3715 44.0702
42.4715 44.0415
42.5715 44.0129
42.6715 43.9842
42.7715 43.9556
42.8715 43.9269
42.9715 43.8983
43.0715 43.8696
43.1715 43.8409
43.2715 43.8123
43.3715 43.7836
43.4715 43.755
43.5715 43.7263
43.6715 43.6977
43.7715 43.669
43.8715 43.6404
43.9715 43.6117
44.0715 43.583
44.1715 43.5544
44.2715 43.5257
44.3715 43.4971
44.4715 43.4684
44.5715 43.4398
44.6715 43.4111
44.7715 43.3825
44.8715 43.3538
44.9715 43.3252
45.0715 43.2965
45.1715 43.2678
45.2715 43.2392
45.3715 43.2105
45.4715 43.1819
45.5715 43.1532
45.6715 43.1246
45.7715 43.0959
45.8715 43.0673
45.9715 43.0386
46.0715 43.01
46.1715 42.9813
46.2715 42.9526
46.3715 42.924
46.4715 42.8953
46.5715 42.8667
46.6715 42.838
46.7715 42.8094
46.8715 42.7807
46.9715 42.7521
47.0715 42.7234
47.1715 42.6948
47.2715 42.6661
47.3715 42.6374
47.4715 42.6088
47.5715 42.5801
47.6715 42.5515
47.7715 42.5228
47.8715 42.4942
47.9715 42.4655
48.0715 42.4369
48.1715 42.4082
48.2715 42.3796
48.3715 42.3509
48.4715 42.3222
48.5715 42.2936
48.6715 42.2649
48.7715 42.2363
48.8715 42.2076
48.9715 42.179
49.0715 42.1503
49.1715 42.1217
49.2715 42.093
49.3715 42.0644
49.4715 42.0357
49.5715 42.007
49.6715 41.9784
49.7715 41.9497
49.8715 41.9211
49.9715 41.8924
50.0715 41.8638
50.1715 41.8351
50.2715 41.8065
50.3715 41.7778
50.4715 41.7492
50.5715 41.7205
50.6715 41.6918
50.7715 41.6632
50.8715 41.6345
50.9715 41.6059
51.0715 41.5772
51.1715 41.5486
51.2715 41.5199
51.3715 41.4913
51.4715 41.4626
51.5715 41.434
51.6715 41.4053
51.7715 41.3766
51.8715 41.348
51.9715 41.3193
52.0715 41.2907
52.1715 41.262
52.2715 41.2334
52.3715 41.2047
52.4715 41.1761
52.5715 41.1474
52.6715 41.1188
52.7715 41.0901
52.8715 41.0614
52.9715 41.0328
53.0715 41.0041
53.1715 40.9755
53.2715 40.9468
53.3715 40.9182
53.4715 40.8895
53.5715 40.8609
53.6715 40.8322
53.7715 40.8035
53.8715 40.7749
53.9715 40.7462
54.0715 40.7176
54.1715 40.6889
54.2715 40.6603
54.3715 40.6316
54.4715 40.603
54.5715 40.5743
54.6715 40.5457
54.7715 40.517
54.8715 40.4883
54.9715 40.4597
55.0715 40.431
55.1715 40.4024
55.2715 40.3737
55.3715 40.3451
55.4715 40.3164
55.5715 40.2878
55.6715 40.2591
55.7715 40.2305
55.8715 40.2018
55.9715 40.1731
56.0715 40.1445
56.1715 40.1158
56.2715 40.0872
56.3715 40.0585
56.4715 40.0299
56.5715 40.0012
56.6715 39.9726
56.7715 39.9439
56.8715 39.9153
56.9715 39.8866
57.0715 39.8579
57.1715 39.8293
57.2715 39.8006
57.3715 39.772
57.4715 39.7433
57.5715 39.7147
57.6715 39.686
57.7715 39.6574
57.8715 39.6287
57.9715 39.6001
58.0715 39.5714
58.1715 39.5427
58.2715 39.5141
58.3715 39.4854
58.4715 39.4568
58.5715 39.4281
58.6715 39.3995
58.7715 39.3708
58.8715 39.3422
58.9715 39.3135
59.0715 39.2849
59.1715 39.2562
59.2715 39.2275
59.3715 39.1989
59.4715 39.1702
59.5715 39.1416
59.6715 39.1129
59.7715 39.0843
59.8715 39.0556
59.9715 39.027
60.0715 38.9983
60.1715 38.9697
60.2715 38.941
60.3715 38.9123
60.4715 38.8837
60.5715 38.855
60.6715 38.8264
60.7715 38.7977
60.8715 38.7691
60.9715 38.7404
61.0715 38.7118
61.1715 38.6831
61.2715 38.6545
61.3715 38.6258
61.4715 38.5971
61.5715 38.5685
61.6715 38.5398
61.7715 38.5112
61.8715 38.4825
61.9715 38.4539
62.0715 38.4252
62.1715 38.3966
62.2715 38.3679
62.3715 38.3393
62.4715 38.3106
62.5715 38.2819
62.6715 38.2533
62.7715 38.2246
62.9715 38.196
63.0715 38.1673
63.1715 38.1387
63.2715 38.11
63.3715 38.0814
63.4715 38.0527
63.5715 38.0241
63.6715 37.9954
63.7715 37.9667
63.8715 37.9381
63.9715 37.9094
64.0715 37.8808
64.1715 37.8521
64.2715 37.8235
64.3715 37.7948
64.4715 37.7662
64.5715 37.7375
64.6715 37.7088
64.7715 37.6802
64.8715 37.6515
64.9715 37.6229
65.0715 37.5942
65.1715 37.5656
65.2715 37.5369
65.3715 37.5083
65.4715 37.4796
65.5715 37.451
65.6715 37.4223
65.7715 37.3936
65.8715 37.365
65.9715 37.3363
66.0715 37.3077
66.1715 37.279
66.2715 37.2504
66.3715 37.2217
66.4715 37.1931
66.5715 37.1644
66.6715 37.1358
66.7715 37.1071
66.8715 37.0784
66.9715 37.0498
67.0715 37.0211
67.1715 36.9925
67.2715 36.9638
67.3715 36.9352
67.4715 36.9065
67.5715 36.8779
67.6715 36.8492
67.7715 36.8206
67.8715 36.7919
67.9715 36.7632
68.0715 36.7346
68.1715 36.7059
68.2715 36.6773
68.3715 36.6486
68.4715 36.62
68.5715 36.5913
68.6715 36.5627
68.7715 36.534
68.8715 36.5054
68.9715 36.4767
69.0715 36.448
69.1715 36.4194
69.2715 36.3907
69.3715 36.3621
69.4715 36.3334
69.5715 36.3048
69.6715 36.2761
69.7715 36.2475
69.8715 36.2188
69.9715 36.1902
70.0715 36.1615
70.1715 36.1328
70.2715 36.1042
70.3715 36.0755
70.4715 36.0469
70.5715 36.0182
70.6715 35.9896
70.7715 35.9609
70.8715 35.9323
70.9715 35.9036
71.0715 35.875
71.1715 35.8463
71.2715 35.8176
71.3715 35.789
71.4715 35.7603
71.5715 35.7317
71.6715 35.703
71.7715 35.6744
71.8715 35.6457
71.9715 35.6171
72.0715 35.5884
72.1715 35.5598
72.2715 35.5311
72.3715 35.5024
72.4715 35.4738
72.5715 35.4451
72.6715 35.4165
72.7715 35.3878
72.8715 35.3592
72.9715 35.3305
73.0715 35.3019
73.1715 35.2732
73.2715 35.2446
73.3715 35.2159
73.4715 35.1872
73.5715 35.1586
73.6715 35.1299
73.7715 35.1013
73.8715 35.0726
73.9715 35.044
74.0715 35.0153
74.1715 34.9867
74.2715 34.958
74.3715 34.9294
74.4715 34.9007
74.5715 34.872
74.6715 34.8434
74.7715 34.8147
74.8715 34.7861
74.9715 34.7574
75.0715 34.7288
75.1715 34.7001
75.2715 34.6715
75.3715 34.6428
75.4715 34.6141
75.5715 34.5855
75.6715 34.5568
75.7715 34.5282
75.8715 34.4995
75.9715 34.4709
76.0715 34.4422
76.1715 34.4136
76.2715 34.3849
76.3715 34.3563
76.4715 34.3276
76.5715 34.2989
76.6715 34.2703
76.7715 34.2416
76.8715 34.213
76.9715 34.1843
77.0715 34.1557
77.1715 34.127
77.2715 34.0984
77.3715 34.0697
77.4715 34.0411
77.5715 34.0124
77.6715 33.9837
77.7715 33.9551
77.8715 33.9264
77.9715 33.8978
78.0715 33.8691
78.1715 33.8405
78.2715 33.8118
78.3715 33.7832
78.4715 33.7545
78.5715 33.7259
78.6715 33.6972
78.7715 33.6685
78.8715 33.6399
78.9715 33.6112
79.0715 33.5826
79.1715 33.5539
79.2715 33.5253
79.3715 33.4966
79.4715 33.468
79.5715 33.4393
79.6715 33.4107
79.7715 33.382
79.8715 33.3533
79.9715 33.3247
80.0715 33.296
80.1715 33.2674
80.2715 33.2387
80.3715 33.2101
80.4715 33.1814
80.5715 33.1528
80.6715 33.1241
80.7715 33.0955
80.8715 33.0668
80.9715 33.0381
81.0715 33.0095
81.1715 32.9808
81.2715 32.9522
81.3715 32.9235
81.4715 32.8949
81.5715 32.8662
81.6715 32.8376
81.7715 32.8089
81.8715 32.7803
81.9715 32.7516
82.0715 32.7229
82.1715 32.6943
82.2715 32.6656
82.3715 32.637
82.4715 32.6083
82.5715 32.5797
82.6715 32.551
82.7715 32.5224
82.8715 32.4937
82.9715 32.4651
83.0715 32.4364
83.1715 32.4077
83.2715 32.3791
83.3715 32.3504
83.4715 32.3218
83.5715 32.2931
83.6715 32.2645
83.7715 32.2358
83.8715 32.2072
83.9715 32.1785
84.0715 32.1499
84.1715 32.1212
84.2715 32.0925
84.3715 32.0639
84.4715 32.0352
84.5715 32.0066
84.6715 31.9779
84.7715 31.9493
84.8715 31.9206
84.9715 31.892
85.0715 31.8633
85.1715 31.8347
85.2715 31.806
85.3715 31.7773
85.4715 31.7487
85.5715 31.72
85.6715 31.6914
85.7715 31.6627
85.8715 31.6341
85.9715 31.6054
86.0715 31.5768
86.1715 31.5481
86.2715 31.5194
86.3715 31.4908
86.4715 31.4621
86.5715 31.4335
86.6715 31.4048
86.7715 31.3762
86.8715 31.3475
86.9715 31.3189
87.0715 31.2902
87.1715 31.2616
87.2715 31.2329
87.3715 31.2042
87.4715 31.1756
87.5715 31.1469
87.6715 31.1183
87.7715 31.0896
87.8715 31.061
87.9715 31.0323
88.0715 31.0037
88.1715 30.975
88.2715 30.9464
88.3715 30.9177
88.4715 30.889
88.5715 30.8604
88.6715 30.8317
88.7715 30.8031
88.8715 30.7744
88.9715 30.7458
89.0715 30.7171
89.1715 30.6885
89.2715 30.6598
89.3715 30.6312
89.4715 30.6025
89.5715 30.5738
89.6715 30.5452
89.7715 30.5165
89.8715 30.4879
89.9715 30.4592
90.0715 30.4306
90.1715 30.4019
90.2715 30.3733
90.3715 30.3446
90.4715 30.316
90.5715 30.2873
90.6715 30.2586
90.7715 30.23
90.8715 30.2013
90.9715 30.1727
91.0715 30.144
91.1715 30.1154
91.2715 30.0867
91.3715 30.0581
91.4715 30.0294
91.5715 30.0008
91.6715 29.9721
91.7715 29.9434
91.8715 29.9148
91.9715 29.8861
92.0715 29.8575
92.1715 29.8288
92.2715 29.8002
92.3715 29.7715
92.4715 29.7429
92.5715 29.7142
92.6715 29.6856
92.7715 29.6569
92.8715 29.6282
92.9715 29.5996
93.0715 29.5709
93.1715 29.5423
93.2715 29.5136
93.3715 29.485
93.4715 29.4563
93.5715 29.4277
93.6715 29.399
93.7715 29.3704
93.8715 29.3417
93.9715 29.313
94.0715 29.2844
94.1715 29.2557
94.2715 29.2271
94.3715 29.1984
94.4715 29.1698
94.5715 29.1411
94.6715 29.1125
94.7715 29.0838
94.9715 29.0552
95.0715 29.0265
95.1715 28.9978
95.2715 28.9692
95.3715 28.9405
95.4715 28.9119
95.5715 28.8832
95.6715 28.8546
95.7715 28.8259
95.8715 28.7973
95.9715 28.7686
96.0715 28.7399
96.1715 28.7113
96.2715 28.6826
96.3715 28.654
96.4715 28.6253
96.5715 28.5967
96.6715 28.568
96.7715 28.5394
96.8715 28.5107
96.9715 28.4821
97.0715 28.4534
97.1715 28.4247
97.2715 28.3961
97.3715 28.3674
97.4715 28.3388
97.5715 28.3101
97.6715 28.2815
97.7715 28.2528
97.8715 28.2242
97.9715 28.1955
98.0715 28.1669
98.1715 28.1382
98.2715 28.1095
98.3715 28.0809
98.4715 28.0522
98.5715 28.0236
98.6715 27.9949
98.7715 27.9663
98.8715 27.9376
98.9715 27.909
99.0715 27.8803
99.1715 27.8517
99.2715 27.823
99.3715 27.7943
99.4715 27.7657
99.5715 27.737
99.6715 27.7084
99.7715 27.6797
99.8715 27.6511
99.9715 27.6224
