0.0715493 43.6955
0.171549 49.9363
0.266583 45.8802
0.271549 43.4837
0.371549 40.8388
0.471549 49.6098
0.571549 39.7449
0.671549 49.6844
0.771549 48.2947
0.971549 48.5771
1.07155 41.3006
1.17155 50.2636
1.27155 48.0497
1.37155 53.2429
1.47155 50.918
1.57155 45.2924
1.67155 35.5365
1.77155 40.6757
1.97155 49.1473
2.07155 51.5879
2.17155 31.8737
2.27155 40.9601
2.37155 50.2773
2.47155 39.1524
2.57155 49.4874
2.67155 45.1881
2.77155 43.1377
2.87155 43.5091
2.97155 45.1314
3.07155 49.8427
3.17155 48.1707
3.27155 49.7498
3.37155 44.168
3.47155 44.2065
3.57155 41.6294
3.67155 38.0573
3.77155 50.0216
3.87155 47.6506
3.97155 44.6619
4.07155 49.7198
4.17155 42.2546
4.27155 47.5785
4.37155 37.687
4.47155 46.423
4.57155 40.2071
4.67155 36.9817
4.77155 40.3242
4.87155 47.442
4.97155 37.4701
5.07155 51.2411
5.17155 46.9458
5.27155 52.7457
5.37155 48.5716
5.47155 49.799
5.57155 43.5367
5.67155 45.5116
5.77155 42.0408
5.87155 42.0013
5.97155 54.2837
6.07155 45.0781
6.17155 51.1162
6.27155 45.3628
6.37155 50.567
6.47155 47.3927
6.57155 33.5055
6.67155 51.7651
6.77155 36.5738
6.87155 40.6534
6.97155 34.4439
7.07155 49.7517
7.17155 44.6518
7.37155 45.6712
7.47155 47.5451
7.57155 52.233
7.67155 49.0549
7.77155 36.0705
7.87155 52.2904
7.97155 50.9828
8.07155 37.957
8.17155 44.1171
8.27155 44.5627
8.37155 44.7704
8.47155 51.2839
8.57155 42.3101
8.67155 46.9951
8.77155 34.0655
8.87155 49.2602
8.97155 48.8194
9.07155 42.1387
9.17155 52.2039
9.27155 48.395
9.37155 47.106
9.47155 49.9813
9.57155 41.1158
9.67155 48.4471
9.77155 49.9684
9.87155 46.7611
9.97155 44.8427
10.0715 37.6618
10.1715 49.9027
10.2715 36.6443
10.3715 42.1471
10.4715 34.5693
10.5715 46.5668
10.6715 46.563
10.7715 48.2241
10.8715 38.2271
10.9715 45.9247
11.0715 53.6886
11.1715 52.0095
11.2715 43.999
11.3715 40.374
11.4715 47.8993
11.5715 36.1734
11.6715 49.4868
11.7715 31.9092
11.8715 45.3998
11.9715 38.6715
12.0715 43.2672
12.1715 46.795
12.2715 45.4375
12.3715 47.3807
12.4715 47.8236
12.5715 51.1897
12.6715 48.4109
12.7715 48.4304
12.8715 47.7359
12.9715 47.5382
13.0715 50.5785
13.1715 48.0497
13.2715 32.3586
13.3715 48.3736
13.4715 42.7486
13.5715 50.4285
13.6715 50.1956
13.7715 48.7439
13.8715 49.7768
13.9715 50.6144
14.0715 49.7952
14.1715 47.2731
14.2715 50.5503
14.3715 48.9561
14.4715 45.5833
14.5715 48.8495
14.6715 47.4884
14.7715 43.7296
14.8715 48.1357
14.9715 50.6874
15.0715 38.0426
15.1715 54.8904
15.2715 52.7278
15.3715 47.3304
15.4715 41.8435
15.5715 38.0234
15.6715 39.6634
15.7715 42.9187
15.8715 49.0713
15.9715 51.2734
16.0715 35.328
16.1715 40.5859
16.2715 52.584
16.3715 50.9313
16.4715 48.2444
16.5715 48.4537
16.6715 54.6412
16.7715 49.2783
16.8715 48.3178
16.9715 52.2606
17.0715 33.5765
17.2715 49.3799
17.3715 43.7656
17.4715 52.2117
17.5715 40.2145
17.6715 42.6507
17.7715 50.4886
17.8715 36.5815
17.9715 46.2012
18.0715 49.4829
18.1715 44.4295
18.2715 45.6315
18.3715 52.2227
18.4715 48.8489
18.5715 50.9311
18.6715 50.9496
18.7715 47.9749
18.8715 44.591
18.9715 50.1432
19.0715 41.9575
19.1715 54.0279
19.2715 44.8028
19.3715 44.206
19.4715 46.9649
19.5715 45.2883
19.6715 54.5267
19.7715 47.5396
19.8715 46.1845
19.9715 47.8175
20.0715 46.1558
20.1715 46.8928
20.2715 34.3625
20.3715 35.6253
20.4715 43.533
20.5715 42.0244
20.7715 57.6602
20.8715 37.9795
21.0715 52.3437
21.1715 45.7535
21.2715 50.2097
21.3715 43.5357
21.4715 41.6658
21.5715 43.3066
21.6715 50.7037
21.7715 50.9082
21.8715 51.5808
21.9715 52.1846
22.0715 48.7649
22.1715 44.686
22.2715 47.4861
22.3715 52.1687
22.4715 53.8969
22.5715 52.1308
22.6715 47.2023
22.7715 43.1257
22.8715 49.5971
22.9715 53.8327
23.0715 49.5056
23.1715 45.9397
23.2715 53.526
23.3715 49.892
23.4715 53.0534
23.5715 48.4956
23.6715 44.9069
23.7715 50.7807
23.8715 49.7588
23.9715 38.56
24.0715 45.908
24.1715 49.2149
24.2715 45.6112
24.3715 52.2679
24.4715 45.9918
24.5715 48.7082
24.6715 51.6402
24.7715 53.7569
24.8715 54.0407
24.9715 46.0296
25.0715 43.1218
25.1715 35.8751
25.3715 48.7441
25.4715 51.3365
25.5715 54.8132
25.6715 41.7782
25.7715 51.3914
25.8715 34.0248
25.9715 54.0384
26.0715 53.9897
26.1715 43.123
26.2715 45.1151
26.3715 50.7119
26.4715 56.4638
26.5715 45.4824
26.6715 51.2189
26.7715 51.0075
26.8715 49.0479
26.9715 48.0783
27.0715 46.691
27.1715 47.8506
27.2715 51.5188
27.3715 39.3085
27.4715 49.8201
27.5715 41.7838
27.6715 47.8737
27.7715 53.2684
27.8715 47.7552
27.9715 52.8847
28.0715 46.4709
28.1715 47.8725
28.2715 51.2732
28.3715 46.1699
28.4715 51.0446
28.5715 48.3172
28.6715 45.0643
28.7715 53.8933
28.8715 51.967
28.9715 46.3913
29.0715 54.6284
29.1715 55.3209
29.2715 50.7268
29.3715 44.2853
29.4715 48.1283
29.5715 46.839
29.6715 41.2051
29.7715 50.5187
29.8715 47.9572
29.9715 54.6847
30.0715 52.743
30.1715 47.0117
30.2715 45.1598
30.3715 50.5036
30.4715 56.4755
30.5715 59.2157
30.6715 48.9156
30.7715 48.7842
30.8715 39.6228
30.9715 47.6242
31.0715 53.7903
31.1715 47.9576
31.2715 45.8838
31.3715 48.2456
31.4715 46.8697
31.5715 42.8948
31.6715 51.896
31.7715 57.9366
31.8715 41.1304
31.9715 52.5506
32.0715 54.4831
32.1715 47.3053
32.2715 47.4563
32.3715 50.536
32.4715 44.6988
32.5715 54.7156
32.6715 48.6161
32.7715 46.2333
32.8715 49.3296
32.9715 54.4867
33.0715 56.5578
33.1715 50.8329
33.2715 56.631
33.3715 56.6495
33.4715 52.638
33.5715 54.02
33.6715 42.9035
33.7715 46.0072
33.8715 53.1826
33.9715 45.9266
34.0715 51.2084
34.1715 45.4762
34.2715 51.0914
34.3715 33.117
34.4715 51.3048
34.5715 51.9183
34.6715 42.8077
34.7715 51.182
34.8715 47.9045
34.9715 57.1673
35.0715 46.5159
35.2715 43.263
35.3715 59.0639
35.4715 55.2608
35.5715 56.1064
35.6715 49.1074
35.7715 52.084
35.8715 52.6905
35.9715 50.9935
36.0715 48.5773
36.1715 57.63
36.2715 44.8679
36.3715 48.4985
36.4715 56.9479
36.5715 49.1534
36.6715 43.5391
36.7715 54.1873
36.8715 50.7925
36.9715 53.5218
37.0715 50.2327
37.1715 47.5596
37.2715 37.1525
37.3715 45.3771
37.4715 43.0012
37.5715 50.7216
37.6715 54.8876
37.7715 54.8111
37.8715 45.3443
37.9715 58.2385
38.0715 47.9913
38.1715 47.0785
38.2715 44.1124
38.3715 45.249
38.4715 49.1274
38.5715 52.336
38.6715 51.5669
38.7715 55.3487
38.8715 47.3337
38.9715 52.0197
39.0715 53.885
39.1715 38.7631
39.2715 42.7257
39.3715 56.5198
39.4715 56.2229
39.5715 50.7747
39.6715 58.908
39.7715 40.3975
39.8715 45.291
39.9715 48.3703
40.1715 52.7724
40.2715 54.6655
40.3715 49.735
40.4715 44.0263
40.5715 55.3629
40.6715 53.6834
40.7715 57.669
40.8715 54.4152
40.9715 46.4682
41.0715 50.9837
41.1715 52.3283
41.2715 45.4452
41.3715 54.5295
41.4715 39.0709
41.5715 45.2249
41.6715 53.4668
41.7715 51.2971
41.8715 49.6809
41.9715 42.7635
42.0715 53.5977
42.1715 53.7821
42.2715 44.7577
42.3715 55.4569
42.4715 42.6297
42.5715 47.3796
42.6715 56.6322
42.7715 49.8995
42.8715 45.9863
42.9715 50.1226
43.0715 50.3594
43.1715 59.1215
43.2715 50.4461
43.3715 51.1483
43.4715 58.5732
43.5715 52.247
43.6715 53.1233
43.7715 52.283
43.8715 47.2499
43.9715 37.7363
44.0715 51.8433
44.1715 47.0061
44.2715 60.264
44.3715 48.2519
44.4715 54.1413
44.5715 50.1399
44.6715 42.1882
44.7715 48.7475
44.8715 53.0188
44.9715 58.3568
45.0715 49.5051
45.1715 57.1094
45.2715 49.4522
45.3715 57.4478
45.4715 50.8478
45.5715 54.0473
45.6715 48.8505
45.7715 56.9934
45.8715 47.7438
45.9715 59.6332
46.0715 42.4688
46.1715 57.7108
46.2715 39.7542
46.3715 57.0967
46.4715 59.9592
46.5715 47.37
46.6715 39.1301
46.7715 52.1446
46.8715 61.4925
46.9715 58.0996
47.0715 45.2713
47.1715 54.0501
47.2715 56.6933
47.3715 52.1605
47.4715 59.1719
47.5715 52.653
47.6715 54.1107
47.7715 49.1847
47.8715 51.1295
47.9715 52.0471
48.0715 51.689
48.1715 46.5937
48.2715 57.4412
48.3715 56.6528
48.4715 58.8867
48.5715 49.115
48.6715 60.1926
48.7715 52.6707
48.8715 56.1229
48.9715 49.7054
49.0715 57.4027
49.1715 57.6963
49.2715 40.6478
49.3715 50.088
49.4715 50.7674
49.5715 55.2405
49.6715 60.183
49.7715 48.2704
49.8715 57.423
49.9715 53.4144
50.0715 59.1252
50.1715 56.0561
50.2715 60.2387
50.3715 57.91
50.4715 51.0526
50.5715 54.68
50.6715 54.6371
50.7715 57.3095
50.8715 61.0762
50.9715 46.373
51.0715 59.1413
51.1715 49.9377
51.2715 45.8144
51.3715 51.1558
51.4715 53.204
51.5715 51.9445
51.6715 55.3559
51.7715 55.6451
51.8715 53.9798
51.9715 57.7289
52.0715 59.9825
52.1715 50.2281
52.2715 57.9115
52.3715 54.7558
52.4715 51.2867
52.5715 51.8544
52.6715 53.5537
52.7715 62.991
52.8715 47.203
52.9715 42.6374
53.0715 55.5613
53.1715 58.5492
53.2715 48.9423
53.3715 53.3301
53.4715 64.127
53.5715 56.3093
53.6715 52.9234
53.7715 59.1775
53.8715 55.1545
53.9715 55.142
54.0715 42.0842
54.1715 52.7039
54.2715 56.9023
54.3715 60.9042
54.4715 56.1549
54.5715 50.1563
54.6715 59.0116
54.7715 55.9171
54.8715 43.9765
54.9715 60.8418
55.0715 57.6797
55.1715 53.1293
55.2715 56.1065
55.3715 56.3551
55.4715 58.1162
55.5715 57.9294
55.6715 49.0448
55.7715 51.0215
55.8715 61.6166
55.9715 51.2504
56.0715 57.7876
56.1715 60.0194
56.2715 57.9737
56.3715 52.5115
56.4715 56.1024
56.5715 55.2746
56.6715 57.5911
56.7715 53.2686
56.8715 56.786
56.9715 60.5967
57.0715 59.9137
57.1715 55.5849
57.2715 57.8579
57.3715 60.614
57.4715 56.4302
57.5715 62.3371
57.6715 60.8334
57.7715 50.0103
57.8715 57.2965
57.9715 60.2089
58.0715 62.719
58.1715 45.9886
58.2715 61.254
58.3715 60.0067
58.4715 61.1456
58.5715 58.7267
58.6715 63.8434
58.7715 59.4252
58.8715 59.0884
58.9715 50.4484
59.0715 61.3302
59.1715 62.8794
59.2715 60.1159
59.3715 57.6061
59.4715 55.653
59.5715 64.3968
59.6715 44.111
59.7715 55.2154
59.8715 53.241
59.9715 54.3878
60.0715 60.9099
60.1715 62.0976
60.2715 51.3511
60.3715 62.2254
60.4715 51.5063
60.5715 55.9118
60.6715 57.7849
60.7715 58.1092
60.8715 57.0951
60.9715 63.869
61.0715 57.8848
61.1715 58.6469
61.2715 56.3261
61.3715 59.1243
61.4715 63.917
61.5715 60.1822
61.6715 63.527
61.7715 62.3541
61.8715 53.1778
61.9715 62.7675
62.0715 57.7681
62.1715 58.42
62.2715 64.4761
62.3715 51.1412
62.4715 61.9831
62.5715 51.2591
62.6715 47.1263
62.7715 62.6431
62.9715 62.6524
63.0715 53.2152
63.1715 53.2
63.2715 53.1847
63.3715 53.1695
63.4715 53.1543
63.5715 53.1391
63.6715 53.1239
63.7715 53.1087
63.8715 53.0935
63.9715 53.0783
64.0715 53.0631
64.1715 53.0479
64.2715 53.0327
64.3715 53.0175
64.4715 53.0022
64.5715 52.987
64.6715 52.9718
64.7715 52.9566
64.8715 52.9414
64.9715 52.9262
65.0715 52.911
65.1715 52.8958
65.2715 52.8806
65.3715 52.8654
65.4715 52.8502
65.5715 52.8349
65.6715 52.8197
65.7715 52.8045
65.8715 52.7893
65.9715 52.7741
66.0715 52.7589
66.1715 52.7437
66.2715 52.7285
66.3715 52.7133
66.4715 52.6981
66.5715 52.6829
66.6715 52.6676
66.7715 52.6524
66.8715 52.6372
66.9715 52.622
67.0715 52.6068
67.1715 52.5916
67.2715 52.5764
67.3715 52.5612
67.4715 52.546
67.5715 52.5308
67.6715 52.5156
67.7715 52.5004
67.8715 52.4851
67.9715 52.4699
68.0715 52.4547
68.1715 52.4395
68.2715 52.4243
68.3715 52.4091
68.4715 52.3939
68.5715 52.3787
68.6715 52.3635
68.7715 52.3483
68.8715 52.3331
68.9715 52.3178
69.0715 52.3026
69.1715 52.2874
69.2715 52.2722
69.3715 52.257
69.4715 52.2418
69.5715 52.2266
69.6715 52.2114
69.7715 52.1962
69.8715 52.181
69.9715 52.1658
70.0715 52.1505
70.1715 52.1353
70.2715 52.1201
70.3715 52.1049
70.4715 52.0897
70.5715 52.0745
70.6715 52.0593
70.7715 52.0441
70.8715 52.0289
70.9715 52.0137
71.0715 51.9985
71.1715 51.9833
71.2715 51.968
71.3715 51.9528
71.4715 51.9376
71.5715 51.9224
71.6715 51.9072
71.7715 51.892
71.8715 51.8768
71.9715 51.8616
72.0715 51.8464
72.1715 51.8312
72.2715 51.816
72.3715 51.8007
72.4715 51.7855
72.5715 51.7703
72.6715 51.7551
72.7715 51.7399
72.8715 51.7247
72.9715 51.7095
73.0715 51.6943
73.1715 51.6791
73.2715 51.6639
73.3715 51.6487
73.4715 51.6334
73.5715 51.6182
73.6715 51.603
73.7715 51.5878
73.8715 51.5726
73.9715 51.5574
74.0715 51.5422
74.1715 51.527
74.2715 51.5118
74.3715 51.4966
74.4715 51.4814
74.5715 51.4662
74.6715 51.4509
74.7715 51.4357
74.8715 51.4205
74.9715 51.4053
75.0715 51.3901
75.1715 51.3749
75.2715 51.3597
75.3715 51.3445
75.4715 51.3293
75.5715 51.3141
75.6715 51.2989
75.7715 51.2836
75.8715 51.2684
75.9715 51.2532
76.0715 51.238
76.1715 51.2228
76.2715 51.2076
76.3715 51.1924
76.4715 51.1772
76.5715 51.162
76.6715 51.1468
76.7715 51.1316
76.8715 51.1163
76.9715 51.1011
77.0715 51.0859
77.1715 51.0707
77.2715 51.0555
77.3715 51.0403
77.4715 51.0251
77.5715 51.0099
77.6715 50.9947
77.7715 50.9795
77.8715 50.9643
77.9715 50.9491
78.0715 50.9338
78.1715 50.9186
78.2715 50.9034
78.3715 50.8882
78.4715 50.873
78.5715 50.8578
78.6715 50.8426
78.7715 50.8274
78.8715 50.8122
78.9715 50.797
79.0715 50.7818
79.1715 50.7665
79.2715 50.7513
79.3715 50.7361
79.4715 50.7209
79.5715 50.7057
79.6715 50.6905
79.7715 50.6753
79.8715 50.6601
79.9715 50.6449
80.0715 50.6297
80.1715 50.6145
80.2715 50.5992
80.3715 50.584
80.4715 50.5688
80.5715 50.5536
80.6715 50.5384
80.7715 50.5232
80.8715 50.508
80.9715 50.4928
81.0715 50.4776
81.1715 50.4624
81.2715 50.4472
81.3715 50.432
81.4715 50.4167
81.5715 50.4015
81.6715 50.3863
81.7715 50.3711
81.8715 50.3559
81.9715 50.3407
82.0715 50.3255
82.1715 50.3103
82.2715 50.2951
82.3715 50.2799
82.4715 50.2647
82.5715 50.2494
82.6715 50.2342
82.7715 50.219
82.8715 50.2038
82.9715 50.1886
83.0715 50.1734
83.1715 50.1582
83.2715 50.143
83.3715 50.1278
83.4715 50.1126
83.5715 50.0974
83.6715 50.0821
83.7715 50.0669
83.8715 50.0517
83.9715 50.0365
84.0715 50.0213
84.1715 50.0061
84.2715 49.9909
84.3715 49.9757
84.4715 49.9605
84.5715 49.9453
84.6715 49.9301
84.7715 49.9149
84.8715 49.8996
84.9715 49.8844
85.0715 49.8692
85.1715 49.854
85.2715 49.8388
85.3715 49.8236
85.4715 49.8084
85.5715 49.7932
85.6715 49.778
85.7715 49.7628
85.8715 49.7476
85.9715 49.7323
86.0715 49.7171
86.1715 49.7019
86.2715 49.6867
86.3715 49.6715
86.4715 49.6563
86.5715 49.6411
86.6715 49.6259
86.7715 49.6107
86.8715 49.5955
86.9715 49.5803
87.0715 49.565
87.1715 49.5498
87.2715 49.5346
87.3715 49.5194
87.4715 49.5042
87.5715 49.489
87.6715 49.4738
87.7715 49.4586
87.8715 49.4434
87.9715 49.4282
88.0715 49.413
88.1715 49.3978
88.2715 49.3825
88.3715 49.3673
88.4715 49.3521
88.5715 49.3369
88.6715 49.3217
88.7715 49.3065
88.8715 49.2913
88.9715 49.2761
89.0715 49.2609
89.1715 49.2457
89.2715 49.2305
89.3715 49.2152
89.4715 49.2
89.5715 49.1848
89.6715 49.1696
89.7715 49.1544
89.8715 49.1392
89.9715 49.124
90.0715 49.1088
90.1715 49.0936
90.2715 49.0784
90.3715 49.0632
90.4715 49.0479
90.5715 49.0327
90.6715 49.0175
90.7715 49.0023
90.8715 48.9871
90.9715 48.9719
91.0715 48.9567
91.1715 48.9415
91.2715 48.9263
91.3715 48.9111
91.4715 48.8959
91.5715 48.8807
91.6715 48.8654
91.7715 48.8502
91.8715 48.835
91.9715 48.8198
92.0715 48.8046
92.1715 48.7894
92.2715 48.7742
92.3715 48.759
92.4715 48.7438
92.5715 48.7286
92.6715 48.7134
92.7715 48.6981
92.8715 48.6829
92.9715 48.6677
93.0715 48.6525
93.1715 48.6373
93.2715 48.6221
93.3715 48.6069
93.4715 48.5917
93.5715 48.5765
93.6715 48.5613
93.7715 48.5461
93.8715 48.5308
93.9715 48.5156
94.0715 48.5004
94.1715 48.4852
94.2715 48.47
94.3715 48.4548
94.4715 48.4396
94.5715 48.4244
94.6715 48.4092
94.7715 48.394
94.9715 48.3788
95.0715 48.3636
95.1715 48.3483
95.2715 48.3331
95.3715 48.3179
95.4715 48.3027
95.5715 48.2875
95.6715 48.2723
95.7715 48.2571
95.8715 48.2419
95.9715 48.2267
96.0715 48.2115
96.1715 48.1963
96.2715 48.181
96.3715 48.1658
96.4715 48.1506
96.5715 48.1354
96.6715 48.1202
96.7715 48.105
96.8715 48.0898
96.9715 48.0746
97.0715 48.0594
97.1715 48.0442
97.2715 48.029
97.3715 48.0137
97.4715 47.9985
97.5715 47.9833
97.6715 47.9681
97.7715 47.9529
97.8715 47.9377
97.9715 47.9225
98.0715 47.9073
98.1715 47.8921
98.2715 47.8769
98.3715 47.8617
98.4715 47.8465
98.5715 47.8312
98.6715 47.816
98.7715 47.8008
98.8715 47.7856
98.9715 47.7704
99.0715 47.7552
99.1715 47.74
99.2715 47.7248
99.3715 47.7096
99.4715 47.6944
99.5715 47.6792
99.6715 47.6639
99.7715 47.6487
99.8715 47.6335
99.9715 47.6183
