0.0715493 43.6955
0.171549 49.9363
0.266583 45.8802
0.271549 43.4837
0.371549 40.8388
0.471549 49.6098
0.571549 39.7449
0.671549 49.6844
0.771549 48.2947
0.971549 48.5771
1.07155 41.3006
1.17155 50.2636
1.27155 48.0497
1.37155 53.2429
1.47155 50.918
1.57155 45.2924
1.67155 35.5365
1.77155 40.6757
1.97155 49.1473
2.07155 51.5879
2.17155 31.8737
2.27155 40.9601
2.37155 50.2773
2.47155 39.1524
2.57155 49.4874
2.67155 45.1881
2.77155 43.1377
2.87155 43.5091
2.97155 45.1314
3.07155 49.8427
3.17155 48.1707
3.27155 49.7498
3.37155 44.168
3.47155 44.2065
3.57155 41.6294
3.67155 38.0573
3.77155 50.0216
3.87155 47.6506
3.97155 44.6619
4.07155 49.7198
4.17155 42.2546
4.27155 47.5785
4.37155 37.687
4.47155 46.423
4.57155 40.2071
4.67155 36.9817
4.77155 40.3242
4.87155 47.442
4.97155 37.4701
5.07155 51.2411
5.17155 46.9458
5.27155 52.7457
5.37155 48.5716
5.47155 49.799
5.57155 43.5367
5.67155 45.5116
5.77155 42.0408
5.87155 42.0013
5.97155 54.2837
6.07155 45.0781
6.17155 51.1162
6.27155 45.3628
6.37155 50.567
6.47155 47.3927
6.57155 33.5055
6.67155 51.7651
6.77155 36.5738
6.87155 40.6534
6.97155 34.4439
7.07155 49.7517
7.17155 44.6518
7.37155 45.6712
7.47155 47.5451
7.57155 52.233
7.67155 49.0549
7.77155 36.0705
7.87155 52.2904
7.97155 50.9828
8.07155 37.957
8.17155 44.1171
8.27155 44.5627
8.37155 44.7704
8.47155 51.2839
8.57155 42.3101
8.67155 46.9951
8.77155 34.0655
8.87155 49.2602
8.97155 48.8194
9.07155 42.1387
9.17155 52.2039
9.27155 48.395
9.37155 47.106
9.47155 49.9813
9.57155 41.1158
9.67155 48.4471
9.77155 49.9684
9.87155 46.7611
9.97155 44.8427
10.0715 37.6618
10.1715 49.9027
10.2715 36.6443
10.3715 42.1471
10.4715 34.5693
10.5715 46.5668
10.6715 46.563
10.7715 48.2241
10.8715 38.2271
10.9715 45.9247
11.0715 53.6886
11.1715 52.0095
11.2715 43.999
11.3715 40.374
11.4715 47.8993
11.5715 36.1734
11.6715 49.4868
11.7715 31.9092
11.8715 45.3998
11.9715 38.6715
12.0715 43.2672
12.1715 46.795
12.2715 45.4375
12.3715 47.3807
12.4715 47.8236
12.5715 51.1897
12.6715 48.4109
12.7715 48.4304
12.8715 47.7359
12.9715 47.5382
13.0715 50.5785
13.1715 48.0497
13.2715 32.3586
13.3715 48.3736
13.4715 42.7486
13.5715 50.4285
13.6715 50.1956
13.7715 48.7439
13.8715 49.7768
13.9715 50.6144
14.0715 49.7952
14.1715 47.2731
14.2715 50.5503
14.3715 48.9561
14.4715 45.5833
14.5715 48.8495
14.6715 47.4884
14.7715 43.7296
14.8715 48.1357
14.9715 50.6874
15.0715 38.0426
15.1715 54.8904
15.2715 52.7278
15.3715 47.3304
15.4715 41.8435
15.5715 38.0234
15.6715 39.6634
15.7715 42.9187
15.8715 49.0713
15.9715 51.2734
16.0715 35.328
16.1715 40.5859
16.2715 52.584
16.3715 50.9313
16.4715 48.2444
16.5715 48.4537
16.6715 54.6412
16.7715 49.2783
16.8715 48.3178
16.9715 52.2606
17.0715 33.5765
17.2715 49.3799
17.3715 43.7656
17.4715 52.2117
17.5715 40.2145
17.6715 42.6507
17.7715 50.4886
17.8715 36.5815
17.9715 46.2012
18.0715 49.4829
18.1715 44.4295
18.2715 45.6315
18.3715 52.2227
18.4715 48.8489
18.5715 50.9311
18.6715 50.9496
18.7715 47.9749
18.8715 44.591
18.9715 50.1432
19.0715 41.9575
19.1715 54.0279
19.2715 44.8028
19.3715 44.206
19.4715 46.9649
19.5715 45.2883
19.6715 54.5267
19.7715 47.5396
19.8715 46.1845
19.9715 47.8175
20.0715 46.1558
20.1715 46.8928
20.2715 34.3625
20.3715 35.6253
20.4715 43.533
20.5715 42.0244
20.7715 57.6602
20.8715 37.9795
21.0715 52.3437
21.1715 45.7535
21.2715 50.2097
21.3715 43.5357
21.4715 41.6658
21.5715 43.3066
21.6715 50.7037
21.7715 50.9082
21.8715 51.5808
21.9715 52.1846
22.0715 48.7649
22.1715 44.686
22.2715 47.4861
22.3715 52.1687
22.4715 53.8969
22.5715 52.1308
22.6715 47.2023
22.7715 43.1257
22.8715 49.5971
22.9715 53.8327
23.0715 49.5056
23.1715 45.9397
23.2715 53.526
23.3715 49.892
23.4715 53.0534
23.5715 48.4956
23.6715 44.9069
23.7715 50.7807
23.8715 49.7588
23.9715 38.56
24.0715 45.908
24.1715 49.2149
24.2715 45.6112
24.3715 52.2679
24.4715 45.9918
24.5715 48.7082
24.6715 51.6402
24.7715 53.7569
24.8715 54.0407
24.9715 46.0296
25.0715 43.1218
25.1715 35.8751
25.3715 48.7441
25.4715 51.3365
25.5715 54.8132
25.6715 41.7782
25.7715 51.3914
25.8715 34.0248
25.9715 54.0384
26.0715 53.9897
26.1715 43.123
26.2715 45.1151
26.3715 50.7119
26.4715 56.4638
26.5715 45.4824
26.6715 51.2189
26.7715 51.0075
26.8715 49.0479
26.9715 48.0783
27.0715 46.691
27.1715 47.8506
27.2715 51.5188
27.3715 39.3085
27.4715 49.8201
27.5715 41.7838
27.6715 47.8737
27.7715 53.2684
27.8715 47.7552
27.9715 52.8847
28.0715 46.4709
28.1715 47.8725
28.2715 51.2732
28.3715 46.1699
28.4715 51.0446
28.5715 48.3172
28.6715 45.0643
28.7715 53.8933
28.8715 51.967
28.9715 46.3913
29.0715 54.6284
29.1715 55.3209
29.2715 50.7268
29.3715 44.2853
29.4715 48.1283
29.5715 46.839
29.6715 41.2051
29.7715 50.5187
29.8715 47.9572
29.9715 54.6847
30.0715 52.743
30.1715 47.0117
30.2715 45.1598
30.3715 50.5036
30.4715 56.4755
30.5715 59.2157
30.6715 48.9156
30.7715 48.7842
30.8715 39.6228
30.9715 47.6242
31.0715 53.7903
31.1715 47.9576
31.2715 45.8838
31.3715 48.2456
31.4715 46.8697
31.5715 42.8948
31.6715 51.896
31.7715 57.9366
31.8715 41.1304
31.9715 52.5506
32.0715 54.4831
32.1715 47.3053
32.2715 47.4563
32.3715 50.536
32.4715 44.6988
32.5715 54.7156
32.6715 48.6161
32.7715 46.2333
32.8715 49.3296
32.9715 54.4867
33.0715 56.5578
33.1715 50.8329
33.2715 56.631
33.3715 56.6495
33.4715 52.638
33.5715 54.02
33.6715 42.9035
33.7715 46.0072
33.8715 53.1826
33.9715 45.9266
34.0715 51.2084
34.1715 45.4762
34.2715 51.0914
34.3715 33.117
34.4715 51.3048
34.5715 51.9183
34.6715 42.8077
34.7715 51.182
34.8715 47.9045
34.9715 57.1673
35.0715 46.5159
35.2715 43.263
35.3715 59.0639
35.4715 55.2608
35.5715 56.1064
35.6715 49.1074
35.7715 52.084
35.8715 52.6905
35.9715 50.9935
36.0715 48.5773
36.1715 57.63
36.2715 44.8679
36.3715 48.4985
36.4715 56.9479
36.5715 49.1534
36.6715 43.5391
36.7715 54.1873
36.8715 50.7925
36.9715 53.5218
37.0715 50.2327
37.1715 47.5596
37.2715 37.1525
37.3715 45.3771
37.4715 43.0012
37.5715 50.7216
37.6715 54.8876
37.7715 54.8111
37.8715 45.3443
37.9715 58.2385
38.0715 47.9913
38.1715 47.0785
38.2715 44.1124
38.3715 45.249
38.4715 49.1274
38.5715 52.336
38.6715 51.5669
38.7715 55.3487
38.8715 47.3337
38.9715 52.0197
39.0715 53.885
39.1715 38.7631
39.2715 42.7257
39.3715 56.5198
39.4715 56.2229
39.5715 50.7747
39.6715 58.908
39.7715 40.3975
39.8715 45.291
39.9715 48.3703
40.1715 52.7724
40.2715 54.6655
40.3715 49.735
40.4715 44.0263
40.5715 55.3629
40.6715 53.6834
40.7715 57.669
40.8715 54.4152
40.9715 46.4682
41.0715 50.9837
41.1715 52.3283
41.2715 45.4452
41.3715 54.5295
41.4715 39.0709
41.5715 45.2249
41.6715 53.4668
41.7715 51.2971
41.8715 49.6809
41.9715 42.7635
42.0715 53.5977
42.1715 53.7821
42.2715 44.7577
42.3715 55.4569
42.4715 42.6297
42.5715 47.3796
42.6715 56.6322
42.7715 49.8995
42.8715 45.9863
42.9715 50.1226
43.0715 50.3594
43.1715 59.1215
43.2715 50.4461
43.3715 51.1483
43.4715 58.5732
43.5715 52.247
43.6715 53.1233
43.7715 52.283
43.8715 47.2499
43.9715 37.7363
44.0715 51.8433
44.1715 47.0061
44.2715 60.264
44.3715 48.2519
44.4715 54.1413
44.5715 50.1399
44.6715 42.1882
44.7715 48.7475
44.8715 53.0188
44.9715 58.3568
45.0715 46.6193
45.1715 46.5939
45.2715 46.5684
45.3715 46.543
45.4715 46.5175
45.5715 46.4921
45.6715 46.4666
45.7715 46.4412
45.8715 46.4157
45.9715 46.3903
46.0715 46.3648
46.1715 46.3394
46.2715 46.3139
46.3715 46.2885
46.4715 46.263
46.5715 46.2376
46.6715 46.2121
46.7715 46.1866
46.8715 46.1612
46.9715 46.1357
47.0715 46.1103
47.1715 46.0848
47.2715 46.0594
47.3715 46.0339
47.4715 46.0085
47.5715 45.983
47.6715 45.9576
47.7715 45.9321
47.8715 45.9067
47.9715 45.8812
48.0715 45.8558
48.1715 45.8303
48.2715 45.8049
48.3715 45.7794
48.4715 45.754
48.5715 45.7285
48.6715 45.7031
48.7715 45.6776
48.8715 45.6522
48.9715 45.6267
49.0715 45.6012
49.1715 45.5758
49.2715 45.5503
49.3715 45.5249
49.4715 45.4994
49.5715 45.474
49.6715 45.4485
49.7715 45.4231
49.8715 45.3976
49.9715 45.3722
50.0715 45.3467
50.1715 45.3213
50.2715 45.2958
50.3715 45.2704
50.4715 45.2449
50.5715 45.2195
50.6715 45.194
50.7715 45.1686
50.8715 45.1431
50.9715 45.1177
51.0715 45.0922
51.1715 45.0667
51.2715 45.0413
51.3715 45.0158
51.4715 44.9904
51.5715 44.9649
51.6715 44.9395
51.7715 44.914
51.8715 44.8886
51.9715 44.8631
52.0715 44.8377
52.1715 44.8122
52.2715 44.7868
52.3715 44.7613
52.4715 44.7359
52.5715 44.7104
52.6715 44.685
52.7715 44.6595
52.8715 44.6341
52.9715 44.6086
53.0715 44.5832
53.1715 44.5577
53.2715 44.5323
53.3715 44.5068
53.4715 44.4813
53.5715 44.4559
53.6715 44.4304
53.7715 44.405
53.8715 44.3795
53.9715 44.3541
54.0715 44.3286
54.1715 44.3032
54.2715 44.2777
54.3715 44.2523
54.4715 44.2268
54.5715 44.2014
54.6715 44.1759
54.7715 44.1505
54.8715 44.125
54.9715 44.0996
55.0715 44.0741
55.1715 44.0487
55.2715 44.0232
55.3715 43.9978
55.4715 43.9723
55.5715 43.9468
55.6715 43.9214
55.7715 43.8959
55.8715 43.8705
55.9715 43.845
56.0715 43.8196
56.1715 43.7941
56.2715 43.7687
56.3715 43.7432
56.4715 43.7178
56.5715 43.6923
56.6715 43.6669
56.7715 43.6414
56.8715 43.616
56.9715 43.5905
57.0715 43.5651
57.1715 43.5396
57.2715 43.5142
57.3715 43.4887
57.4715 43.4633
57.5715 43.4378
57.6715 43.4124
57.7715 43.3869
57.8715 43.3614
57.9715 43.336
58.0715 43.3105
58.1715 43.2851
58.2715 43.2596
58.3715 43.2342
58.4715 43.2087
58.5715 43.1833
58.6715 43.1578
58.7715 43.1324
58.8715 43.1069
58.9715 43.0815
59.0715 43.056
59.1715 43.0306
59.2715 43.0051
59.3715 42.9797
59.4715 42.9542
59.5715 42.9288
59.6715 42.9033
59.7715 42.8779
59.8715 42.8524
59.9715 42.827
60.0715 42.8015
60.1715 42.776
60.2715 42.7506
60.3715 42.7251
60.4715 42.6997
60.5715 42.6742
60.6715 42.6488
60.7715 42.6233
60.8715 42.5979
60.9715 42.5724
61.0715 42.547
61.1715 42.5215
61.2715 42.4961
61.3715 42.4706
61.4715 42.4452
61.5715 42.4197
61.6715 42.3943
61.7715 42.3688
61.8715 42.3434
61.9715 42.3179
62.0715 42.2925
62.1715 42.267
62.2715 42.2415
62.3715 42.2161
62.4715 42.1906
62.5715 42.1652
62.6715 42.1397
62.7715 42.1143
62.9715 42.0888
63.0715 42.0634
63.1715 42.0379
63.2715 42.0125
63.3715 41.987
63.4715 41.9616
63.5715 41.9361
63.6715 41.9107
63.7715 41.8852
63.8715 41.8598
63.9715 41.8343
64.0715 41.8089
64.1715 41.7834
64.2715 41.758
64.3715 41.7325
64.4715 41.7071
64.5715 41.6816
64.6715 41.6561
64.7715 41.6307
64.8715 41.6052
64.9715 41.5798
65.0715 41.5543
65.1715 41.5289
65.2715 41.5034
65.3715 41.478
65.4715 41.4525
65.5715 41.4271
65.6715 41.4016
65.7715 41.3762
65.8715 41.3507
65.9715 41.3253
66.0715 41.2998
66.1715 41.2744
66.2715 41.2489
66.3715 41.2235
66.4715 41.198
66.5715 41.1726
66.6715 41.1471
66.7715 41.1217
66.8715 41.0962
66.9715 41.0707
67.0715 41.0453
67.1715 41.0198
67.2715 40.9944
67.3715 40.9689
67.4715 40.9435
67.5715 40.918
67.6715 40.8926
67.7715 40.8671
67.8715 40.8417
67.9715 40.8162
68.0715 40.7908
68.1715 40.7653
68.2715 40.7399
68.3715 40.7144
68.4715 40.689
68.5715 40.6635
68.6715 40.6381
68.7715 40.6126
68.8715 40.5872
68.9715 40.5617
69.0715 40.5362
69.1715 40.5108
69.2715 40.4853
69.3715 40.4599
69.4715 40.4344
69.5715 40.409
69.6715 40.3835
69.7715 40.3581
69.8715 40.3326
69.9715 40.3072
70.0715 40.2817
70.1715 40.2563
70.2715 40.2308
70.3715 40.2054
70.4715 40.1799
70.5715 40.1545
70.6715 40.129
70.7715 40.1036
70.8715 40.0781
70.9715 40.0527
71.0715 40.0272
71.1715 40.0018
71.2715 39.9763
71.3715 39.9508
71.4715 39.9254
71.5715 39.8999
71.6715 39.8745
71.7715 39.849
71.8715 39.8236
71.9715 39.7981
72.0715 39.7727
72.1715 39.7472
72.2715 39.7218
72.3715 39.6963
72.4715 39.6709
72.5715 39.6454
72.6715 39.62
72.7715 39.5945
72.8715 39.5691
72.9715 39.5436
73.0715 39.5182
73.1715 39.4927
73.2715 39.4673
73.3715 39.4418
73.4715 39.4163
73.5715 39.3909
73.6715 39.3654
73.7715 39.34
73.8715 39.3145
73.9715 39.2891
74.0715 39.2636
74.1715 39.2382
74.2715 39.2127
74.3715 39.1873
74.4715 39.1618
74.5715 39.1364
74.6715 39.1109
74.7715 39.0855
74.8715 39.06
74.9715 39.0346
75.0715 39.0091
75.1715 38.9837
75.2715 38.9582
75.3715 38.9328
75.4715 38.9073
75.5715 38.8819
75.6715 38.8564
75.7715 38.8309
75.8715 38.8055
75.9715 38.78
76.0715 38.7546
76.1715 38.7291
76.2715 38.7037
76.3715 38.6782
76.4715 38.6528
76.5715 38.6273
76.6715 38.6019
76.7715 38.5764
76.8715 38.551
76.9715 38.5255
77.0715 38.5001
77.1715 38.4746
77.2715 38.4492
77.3715 38.4237
77.4715 38.3983
77.5715 38.3728
77.6715 38.3474
77.7715 38.3219
77.8715 38.2965
77.9715 38.271
78.0715 38.2455
78.1715 38.2201
78.2715 38.1946
78.3715 38.1692
78.4715 38.1437
78.5715 38.1183
78.6715 38.0928
78.7715 38.0674
78.8715 38.0419
78.9715 38.0165
79.0715 37.991
79.1715 37.9656
79.2715 37.9401
79.3715 37.9147
79.4715 37.8892
79.5715 37.8638
79.6715 37.8383
79.7715 37.8129
79.8715 37.7874
79.9715 37.762
80.0715 37.7365
80.1715 37.711
80.2715 37.6856
80.3715 37.6601
80.4715 37.6347
80.5715 37.6092
80.6715 37.5838
80.7715 37.5583
80.8715 37.5329
80.9715 37.5074
81.0715 37.482
81.1715 37.4565
81.2715 37.4311
81.3715 37.4056
81.4715 37.3802
81.5715 37.3547
81.6715 37.3293
81.7715 37.3038
81.8715 37.2784
81.9715 37.2529
82.0715 37.2275
82.1715 37.202
82.2715 37.1766
82.3715 37.1511
82.4715 37.1256
82.5715 37.1002
82.6715 37.0747
82.7715 37.0493
82.8715 37.0238
82.9715 36.9984
83.0715 36.9729
83.1715 36.9475
83.2715 36.922
83.3715 36.8966
83.4715 36.8711
83.5715 36.8457
83.6715 36.8202
83.7715 36.7948
83.8715 36.7693
83.9715 36.7439
84.0715 36.7184
84.1715 36.693
84.2715 36.6675
84.3715 36.6421
84.4715 36.6166
84.5715 36.5911
84.6715 36.5657
84.7715 36.5402
84.8715 36.5148
84.9715 36.4893
85.0715 36.4639
85.1715 36.4384
85.2715 36.413
85.3715 36.3875
85.4715 36.3621
85.5715 36.3366
85.6715 36.3112
85.7715 36.2857
85.8715 36.2603
85.9715 36.2348
86.0715 36.2094
86.1715 36.1839
86.2715 36.1585
86.3715 36.133
86.4715 36.1076
86.5715 36.0821
86.6715 36.0567
86.7715 36.0312
86.8715 36.0057
86.9715 35.9803
87.0715 35.9548
87.1715 35.9294
87.2715 35.9039
87.3715 35.8785
87.4715 35.853
87.5715 35.8276
87.6715 35.8021
87.7715 35.7767
87.8715 35.7512
87.9715 35.7258
88.0715 35.7003
88.1715 35.6749
88.2715 35.6494
88.3715 35.624
88.4715 35.5985
88.5715 35.5731
88.6715 35.5476
88.7715 35.5222
88.8715 35.4967
88.9715 35.4713
89.0715 35.4458
89.1715 35.4203
89.2715 35.3949
89.3715 35.3694
89.4715 35.344
89.5715 35.3185
89.6715 35.2931
89.7715 35.2676
89.8715 35.2422
89.9715 35.2167
90.0715 35.1913
90.1715 35.1658
90.2715 35.1404
90.3715 35.1149
90.4715 35.0895
90.5715 35.064
90.6715 35.0386
90.7715 35.0131
90.8715 34.9877
90.9715 34.9622
91.0715 34.9368
91.1715 34.9113
91.2715 34.8858
91.3715 34.8604
91.4715 34.8349
91.5715 34.8095
91.6715 34.784
91.7715 34.7586
91.8715 34.7331
91.9715 34.7077
92.0715 34.6822
92.1715 34.6568
92.2715 34.6313
92.3715 34.6059
92.4715 34.5804
92.5715 34.555
92.6715 34.5295
92.7715 34.5041
92.8715 34.4786
92.9715 34.4532
93.0715 34.4277
93.1715 34.4023
93.2715 34.3768
93.3715 34.3514
93.4715 34.3259
93.5715 34.3004
93.6715 34.275
93.7715 34.2495
93.8715 34.2241
93.9715 34.1986
94.0715 34.1732
94.1715 34.1477
94.2715 34.1223
94.3715 34.0968
94.4715 34.0714
94.5715 34.0459
94.6715 34.0205
94.7715 33.995
94.9715 33.9696
95.0715 33.9441
95.1715 33.9187
95.2715 33.8932
95.3715 33.8678
95.4715 33.8423
95.5715 33.8169
95.6715 33.7914
95.7715 33.7659
95.8715 33.7405
95.9715 33.715
96.0715 33.6896
96.1715 33.6641
96.2715 33.6387
96.3715 33.6132
96.4715 33.5878
96.5715 33.5623
96.6715 33.5369
96.7715 33.5114
96.8715 33.486
96.9715 33.4605
97.0715 33.4351
97.1715 33.4096
97.2715 33.3842
97.3715 33.3587
97.4715 33.3333
97.5715 33.3078
97.6715 33.2824
97.7715 33.2569
97.8715 33.2315
97.9715 33.206
98.0715 33.1805
98.1715 33.1551
98.2715 33.1296
98.3715 33.1042
98.4715 33.0787
98.5715 33.0533
98.6715 33.0278
98.7715 33.0024
98.8715 32.9769
98.9715 32.9515
99.0715 32.926
99.1715 32.9006
99.2715 32.8751
99.3715 32.8497
99.4715 32.8242
99.5715 32.7988
99.6715 32.7733
99.7715 32.7479
99.8715 32.7224
99.9715 32.697
