0.0715493 43.6955
0.171549 49.9363
0.266583 45.8802
0.271549 43.4837
0.371549 40.8388
0.471549 49.6098
0.571549 39.7449
0.671549 49.6844
0.771549 48.2947
0.971549 48.5771
1.07155 41.3006
1.17155 50.2636
1.27155 48.0497
1.37155 53.2429
1.47155 50.918
1.57155 45.2924
1.67155 35.5365
1.77155 40.6757
1.97155 49.1473
2.07155 51.5879
2.17155 31.8737
2.27155 40.9601
2.37155 50.2773
2.47155 39.1524
2.57155 49.4874
2.67155 45.1881
2.77155 43.1377
2.87155 43.5091
2.97155 45.1314
3.07155 49.8427
3.17155 48.1707
3.27155 49.7498
3.37155 44.168
3.47155 44.2065
3.57155 41.6294
3.67155 38.0573
3.77155 50.0216
3.87155 47.6506
3.97155 44.6619
4.07155 49.7198
4.17155 42.2546
4.27155 47.5785
4.37155 37.687
4.47155 46.423
4.57155 40.2071
4.67155 36.9817
4.77155 40.3242
4.87155 47.442
4.97155 37.4701
5.07155 51.2411
5.17155 46.9458
5.27155 52.7457
5.37155 48.5716
5.47155 49.799
5.57155 43.5367
5.67155 45.5116
5.77155 42.0408
5.87155 42.0013
5.97155 54.2837
6.07155 45.0781
6.17155 51.1162
6.27155 45.3628
6.37155 50.567
6.47155 47.3927
6.57155 33.5055
6.67155 51.7651
6.77155 36.5738
6.87155 40.6534
6.97155 34.4439
7.07155 49.7517
7.17155 44.6518
7.37155 45.6712
7.47155 47.5451
7.57155 52.233
7.67155 49.0549
7.77155 36.0705
7.87155 52.2904
7.97155 50.9828
8.07155 37.957
8.17155 44.1171
8.27155 44.5627
8.37155 44.7704
8.47155 51.2839
8.57155 42.3101
8.67155 46.9951
8.77155 34.0655
8.87155 49.2602
8.97155 48.8194
9.07155 42.1387
9.17155 52.2039
9.27155 48.395
9.37155 47.106
9.47155 49.9813
9.57155 41.1158
9.67155 48.4471
9.77155 49.9684
9.87155 46.7611
9.97155 44.8427
10.0715 37.6618
10.1715 49.9027
10.2715 36.6443
10.3715 42.1471
10.4715 34.5693
10.5715 46.5668
10.6715 46.563
10.7715 48.2241
10.8715 38.2271
10.9715 45.9247
11.0715 53.6886
11.1715 52.0095
11.2715 43.999
11.3715 40.374
11.4715 47.8993
11.5715 36.1734
11.6715 49.4868
11.7715 31.9092
11.8715 45.3998
11.9715 38.6715
12.0715 43.2672
12.1715 46.795
12.2715 45.4375
12.3715 47.3807
12.4715 47.8236
12.5715 51.1897
12.6715 48.4109
12.7715 48.4304
12.8715 47.7359
12.9715 47.5382
13.0715 50.5785
13.1715 48.0497
13.2715 32.3586
13.3715 48.3736
13.4715 42.7486
13.5715 50.4285
13.6715 50.1956
13.7715 48.7439
13.8715 49.7768
13.9715 50.6144
14.0715 49.7952
14.1715 47.2731
14.2715 50.5503
14.3715 48.9561
14.4715 45.5833
14.5715 48.8495
14.6715 47.4884
14.7715 43.7296
14.8715 48.1357
14.9715 50.6874
15.0715 38.0426
15.1715 54.8904
15.2715 52.7278
15.3715 47.3304
15.4715 41.8435
15.5715 38.0234
15.6715 39.6634
15.7715 42.9187
15.8715 49.0713
15.9715 51.2734
16.0715 35.328
16.1715 40.5859
16.2715 52.584
16.3715 50.9313
16.4715 48.2444
16.5715 48.4537
16.6715 54.6412
16.7715 49.2783
16.8715 48.3178
16.9715 52.2606
17.0715 33.5765
17.2715 49.3799
17.3715 43.7656
17.4715 52.2117
17.5715 40.2145
17.6715 42.6507
17.7715 50.4886
17.8715 36.5815
17.9715 46.2012
18.0715 49.4829
18.1715 44.4295
18.2715 45.6315
18.3715 52.2227
18.4715 48.8489
18.5715 50.9311
18.6715 50.9496
18.7715 47.9749
18.8715 44.591
18.9715 50.1432
19.0715 41.9575
19.1715 54.0279
19.2715 44.8028
19.3715 44.206
19.4715 46.9649
19.5715 45.2883
19.6715 54.5267
19.7715 47.5396
19.8715 46.1845
19.9715 47.8175
20.0715 46.1558
20.1715 46.8928
20.2715 34.3625
20.3715 35.6253
20.4715 43.533
20.5715 42.0244
20.7715 57.6602
20.8715 37.9795
21.0715 52.3437
21.1715 45.7535
21.2715 50.2097
21.3715 43.5357
21.4715 41.6658
21.5715 43.3066
21.6715 50.7037
21.7715 50.9082
21.8715 51.5808
21.9715 52.1846
22.0715 48.7649
22.1715 44.686
22.2715 47.4861
22.3715 52.1687
22.4715 53.8969
22.5715 52.1308
22.6715 47.2023
22.7715 43.1257
22.8715 49.5971
22.9715 53.8327
23.0715 49.5056
23.1715 45.9397
23.2715 53.526
23.3715 49.892
23.4715 53.0534
23.5715 48.4956
23.6715 44.9069
23.7715 50.7807
23.8715 49.7588
23.9715 38.56
24.0715 45.908
24.1715 49.2149
24.2715 45.6112
24.3715 52.2679
24.4715 45.9918
24.5715 48.7082
24.6715 51.6402
24.7715 53.7569
24.8715 54.0407
24.9715 46.0296
25.0715 43.1218
25.1715 35.8751
25.3715 48.7441
25.4715 51.3365
25.5715 54.8132
25.6715 41.7782
25.7715 51.3914
25.8715 34.0248
25.9715 54.0384
26.0715 53.9897
26.1715 43.123
26.2715 45.1151
26.3715 50.7119
26.4715 56.4638
26.5715 45.4824
26.6715 51.2189
26.7715 51.0075
26.8715 49.0479
26.9715 48.0783
27.0715 46.691
27.1715 47.8506
27.2715 51.5188
27.3715 39.3085
27.4715 49.8201
27.5715 41.7838
27.6715 47.8737
27.7715 53.2684
27.8715 47.7552
27.9715 52.8847
28.0715 46.4709
28.1715 47.8725
28.2715 51.2732
28.3715 46.1699
28.4715 51.0446
28.5715 48.3172
28.6715 45.0643
28.7715 53.8933
28.8715 51.967
28.9715 46.3913
29.0715 54.6284
29.1715 55.3209
29.2715 50.7268
29.3715 44.2853
29.4715 48.1283
29.5715 46.839
29.6715 41.2051
29.7715 50.5187
29.8715 47.9572
29.9715 54.6847
30.0715 52.743
30.1715 47.0117
30.2715 45.1598
30.3715 50.5036
30.4715 56.4755
30.5715 59.2157
30.6715 48.9156
30.7715 48.7842
30.8715 39.6228
30.9715 47.6242
31.0715 53.7903
31.1715 47.9576
31.2715 45.8838
31.3715 48.2456
31.4715 46.8697
31.5715 42.8948
31.6715 51.896
31.7715 57.9366
31.8715 41.1304
31.9715 52.5506
32.0715 54.4831
32.1715 47.3053
32.2715 47.4563
32.3715 50.536
32.4715 44.6988
32.5715 54.7156
32.6715 48.6161
32.7715 46.2333
32.8715 49.3296
32.9715 54.4867
33.0715 56.5578
33.1715 50.8329
33.2715 56.631
33.3715 56.6495
33.4715 52.638
33.5715 54.02
33.6715 42.9035
33.7715 46.0072
33.8715 53.1826
33.9715 45.9266
34.0715 51.2084
34.1715 45.4762
34.2715 51.0914
34.3715 33.117
34.4715 51.3048
34.5715 51.9183
34.6715 42.8077
34.7715 51.182
34.8715 47.9045
34.9715 57.1673
35.0715 46.5159
35.2715 43.263
35.3715 59.0639
35.4715 55.2608
35.5715 56.1064
35.6715 49.1074
35.7715 52.084
35.8715 52.6905
35.9715 50.9935
36.0715 48.5773
36.1715 57.63
36.2715 44.8679
36.3715 48.4985
36.4715 56.9479
36.5715 49.1534
36.6715 43.5391
36.7715 54.1873
36.8715 50.7925
36.9715 53.5218
37.0715 50.2327
37.1715 47.5596
37.2715 37.1525
37.3715 45.3771
37.4715 43.0012
37.5715 50.7216
37.6715 54.8876
37.7715 54.8111
37.8715 45.3443
37.9715 58.2385
38.0715 47.9913
38.1715 47.0785
38.2715 44.1124
38.3715 45.249
38.4715 49.1274
38.5715 52.336
38.6715 51.5669
38.7715 55.3487
38.8715 47.3337
38.9715 52.0197
39.0715 53.885
39.1715 38.7631
39.2715 42.7257
39.3715 56.5198
39.4715 56.2229
39.5715 50.7747
39.6715 58.908
39.7715 40.3975
39.8715 45.291
39.9715 48.3703
40.1715 52.7724
40.2715 54.6655
40.3715 49.735
40.4715 44.0263
40.5715 55.3629
40.6715 53.6834
40.7715 57.669
40.8715 54.4152
40.9715 46.4682
41.0715 50.9837
41.1715 52.3283
41.2715 45.4452
41.3715 54.5295
41.4715 39.0709
41.5715 45.2249
41.6715 53.4668
41.7715 51.2971
41.8715 49.6809
41.9715 42.7635
42.0715 53.5977
42.1715 53.7821
42.2715 44.7577
42.3715 55.4569
42.4715 42.6297
42.5715 47.3796
42.6715 56.6322
42.7715 49.8995
42.8715 45.9863
42.9715 50.1226
43.0715 50.3594
43.1715 59.1215
43.2715 50.4461
43.3715 51.1483
43.4715 58.5732
43.5715 52.247
43.6715 53.1233
43.7715 52.283
43.8715 47.2499
43.9715 37.7363
44.0715 51.8433
44.1715 47.0061
44.2715 60.264
44.3715 48.2519
44.4715 54.1413
44.5715 50.1399
44.6715 42.1882
44.7715 48.7475
44.8715 53.0188
44.9715 58.3568
45.0715 49.5051
45.1715 57.1094
45.2715 49.4522
45.3715 57.4478
45.4715 50.8478
45.5715 54.0473
45.6715 48.8505
45.7715 56.9934
45.8715 47.7438
45.9715 59.6332
46.0715 42.4688
46.1715 57.7108
46.2715 39.7542
46.3715 57.0967
46.4715 59.9592
46.5715 47.37
46.6715 39.1301
46.7715 52.1446
46.8715 61.4925
46.9715 58.0996
47.0715 45.2713
47.1715 54.0501
47.2715 56.6933
47.3715 52.1605
47.4715 59.1719
47.5715 52.653
47.6715 54.1107
47.7715 49.1847
47.8715 51.1295
47.9715 52.0471
48.0715 51.689
48.1715 46.5937
48.2715 57.4412
48.3715 56.6528
48.4715 58.8867
48.5715 49.115
48.6715 60.1926
48.7715 52.6707
48.8715 56.1229
48.9715 49.7054
49.0715 57.4027
49.1715 57.6963
49.2715 40.6478
49.3715 50.088
49.4715 50.7674
49.5715 55.2405
49.6715 60.183
49.7715 48.2704
49.8715 57.423
49.9715 53.4144
50.0715 59.1252
50.1715 56.0561
50.2715 60.2387
50.3715 57.91
50.4715 51.0526
50.5715 54.68
50.6715 54.6371
50.7715 57.3095
50.8715 61.0762
50.9715 46.373
51.0715 59.1413
51.1715 49.9377
51.2715 45.8144
51.3715 51.1558
51.4715 53.204
51.5715 51.9445
51.6715 55.3559
51.7715 55.6451
51.8715 53.9798
51.9715 57.7289
52.0715 59.9825
52.1715 50.2281
52.2715 57.9115
52.3715 54.7558
52.4715 51.2867
52.5715 51.8544
52.6715 53.5537
52.7715 62.991
52.8715 47.203
52.9715 42.6374
53.0715 55.5613
53.1715 58.5492
53.2715 48.9423
53.3715 53.3301
53.4715 64.127
53.5715 56.3093
53.6715 52.9234
53.7715 59.1775
53.8715 55.1545
53.9715 55.142
54.0715 42.0842
54.1715 52.7039
54.2715 56.9023
54.3715 60.9042
54.4715 56.1549
54.5715 50.1563
54.6715 59.0116
54.7715 55.9171
54.8715 43.9765
54.9715 60.8418
55.0715 57.6797
55.1715 53.1293
55.2715 56.1065
55.3715 56.3551
55.4715 58.1162
55.5715 57.9294
55.6715 49.0448
55.7715 51.0215
55.8715 61.6166
55.9715 51.2504
56.0715 57.7876
56.1715 60.0194
56.2715 57.9737
56.3715 52.5115
56.4715 56.1024
56.5715 55.2746
56.6715 57.5911
56.7715 53.2686
56.8715 56.786
56.9715 60.5967
57.0715 59.9137
57.1715 55.5849
57.2715 57.8579
57.3715 60.614
57.4715 56.4302
57.5715 62.3371
57.6715 60.8334
57.7715 50.0103
57.8715 57.2965
57.9715 60.2089
58.0715 62.719
58.1715 45.9886
58.2715 61.254
58.3715 60.0067
58.4715 61.1456
58.5715 58.7267
58.6715 63.8434
58.7715 59.4252
58.8715 59.0884
58.9715 50.4484
59.0715 61.3302
59.1715 62.8794
59.2715 60.1159
59.3715 57.6061
59.4715 55.653
59.5715 64.3968
59.6715 44.111
59.7715 55.2154
59.8715 53.241
59.9715 54.3878
60.0715 60.9099
60.1715 62.0976
60.2715 51.3511
60.3715 62.2254
60.4715 51.5063
60.5715 55.9118
60.6715 57.7849
60.7715 58.1092
60.8715 57.0951
60.9715 63.869
61.0715 57.8848
61.1715 58.6469
61.2715 56.3261
61.3715 59.1243
61.4715 63.917
61.5715 60.1822
61.6715 63.527
61.7715 62.3541
61.8715 53.1778
61.9715 62.7675
62.0715 57.7681
62.1715 58.42
62.2715 64.4761
62.3715 51.1412
62.4715 61.9831
62.5715 51.2591
62.6715 47.1263
62.7715 62.6431
62.9715 62.6524
63.0715 57.7318
63.1715 63.8964
63.2715 59.3484
63.3715 64.207
63.4715 58.51
63.5715 61.5662
63.6715 66.2379
63.7715 60.2197
63.8715 56.5276
63.9715 63.9592
64.0715 60.4944
64.1715 53.8634
64.2715 59.4588
64.3715 66.5749
64.4715 57.5095
64.5715 51.7372
64.6715 62.2073
64.7715 45.3986
64.8715 53.8219
64.9715 65.8465
65.0715 52.626
65.1715 63.1748
65.2715 61.9433
65.3715 60.0193
65.4715 66.9322
65.5715 59.8826
65.6715 56.3702
65.7715 55.4742
65.8715 59.5411
65.9715 52.0106
66.0715 47.2094
66.1715 62.7222
66.2715 54.052
66.3715 56.2367
66.4715 62.9819
66.5715 64.8105
66.6715 66.5756
66.7715 62.6223
66.8715 64.8041
66.9715 56.7124
67.0715 54.3189
67.1715 60.9275
67.2715 56.5703
67.3715 62.6704
67.4715 51.4426
67.5715 66.3003
67.6715 63.2338
67.7715 53.0312
67.8715 66.4219
67.9715 59.8531
68.0715 46.4448
68.1715 59.7032
68.2715 65.3136
68.3715 60.4412
68.4715 65.5011
68.5715 58.3467
68.6715 58.5902
68.7715 61.8968
68.8715 65.0114
68.9715 52.7378
69.0715 55.4143
69.1715 55.4021
69.2715 55.39
69.3715 55.3778
69.4715 55.3656
69.5715 55.3534
69.6715 55.3412
69.7715 55.329
69.8715 55.3168
69.9715 55.3046
70.0715 55.2924
70.1715 55.2802
70.2715 55.268
70.3715 55.2558
70.4715 55.2436
70.5715 55.2314
70.6715 55.2192
70.7715 55.207
70.8715 55.1948
70.9715 55.1826
71.0715 55.1704
71.1715 55.1582
71.2715 55.146
71.3715 55.1339
71.4715 55.1217
71.5715 55.1095
71.6715 55.0973
71.7715 55.0851
71.8715 55.0729
71.9715 55.0607
72.0715 55.0485
72.1715 55.0363
72.2715 55.0241
72.3715 55.0119
72.4715 54.9997
72.5715 54.9875
72.6715 54.9753
72.7715 54.9631
72.8715 54.9509
72.9715 54.9387
73.0715 54.9265
73.1715 54.9143
73.2715 54.9021
73.3715 54.8899
73.4715 54.8778
73.5715 54.8656
73.6715 54.8534
73.7715 54.8412
73.8715 54.829
73.9715 54.8168
74.0715 54.8046
74.1715 54.7924
74.2715 54.7802
74.3715 54.768
74.4715 54.7558
74.5715 54.7436
74.6715 54.7314
74.7715 54.7192
74.8715 54.707
74.9715 54.6948
75.0715 54.6826
75.1715 54.6704
75.2715 54.6582
75.3715 54.646
75.4715 54.6338
75.5715 54.6216
75.6715 54.6095
75.7715 54.5973
75.8715 54.5851
75.9715 54.5729
76.0715 54.5607
76.1715 54.5485
76.2715 54.5363
76.3715 54.5241
76.4715 54.5119
76.5715 54.4997
76.6715 54.4875
76.7715 54.4753
76.8715 54.4631
76.9715 54.4509
77.0715 54.4387
77.1715 54.4265
77.2715 54.4143
77.3715 54.4021
77.4715 54.3899
77.5715 54.3777
77.6715 54.3655
77.7715 54.3534
77.8715 54.3412
77.9715 54.329
78.0715 54.3168
78.1715 54.3046
78.2715 54.2924
78.3715 54.2802
78.4715 54.268
78.5715 54.2558
78.6715 54.2436
78.7715 54.2314
78.8715 54.2192
78.9715 54.207
79.0715 54.1948
79.1715 54.1826
79.2715 54.1704
79.3715 54.1582
79.4715 54.146
79.5715 54.1338
79.6715 54.1216
79.7715 54.1094
79.8715 54.0973
79.9715 54.0851
80.0715 54.0729
80.1715 54.0607
80.2715 54.0485
80.3715 54.0363
80.4715 54.0241
80.5715 54.0119
80.6715 53.9997
80.7715 53.9875
80.8715 53.9753
80.9715 53.9631
81.0715 53.9509
81.1715 53.9387
81.2715 53.9265
81.3715 53.9143
81.4715 53.9021
81.5715 53.8899
81.6715 53.8777
81.7715 53.8655
81.8715 53.8533
81.9715 53.8411
82.0715 53.829
82.1715 53.8168
82.2715 53.8046
82.3715 53.7924
82.4715 53.7802
82.5715 53.768
82.6715 53.7558
82.7715 53.7436
82.8715 53.7314
82.9715 53.7192
83.0715 53.707
83.1715 53.6948
83.2715 53.6826
83.3715 53.6704
83.4715 53.6582
83.5715 53.646
83.6715 53.6338
83.7715 53.6216
83.8715 53.6094
83.9715 53.5972
84.0715 53.585
84.1715 53.5729
84.2715 53.5607
84.3715 53.5485
84.4715 53.5363
84.5715 53.5241
84.6715 53.5119
84.7715 53.4997
84.8715 53.4875
84.9715 53.4753
85.0715 53.4631
85.1715 53.4509
85.2715 53.4387
85.3715 53.4265
85.4715 53.4143
85.5715 53.4021
85.6715 53.3899
85.7715 53.3777
85.8715 53.3655
85.9715 53.3533
86.0715 53.3411
86.1715 53.3289
86.2715 53.3168
86.3715 53.3046
86.4715 53.2924
86.5715 53.2802
86.6715 53.268
86.7715 53.2558
86.8715 53.2436
86.9715 53.2314
87.0715 53.2192
87.1715 53.207
87.2715 53.1948
87.3715 53.1826
87.4715 53.1704
87.5715 53.1582
87.6715 53.146
87.7715 53.1338
87.8715 53.1216
87.9715 53.1094
88.0715 53.0972
88.1715 53.085
88.2715 53.0728
88.3715 53.0606
88.4715 53.0485
88.5715 53.0363
88.6715 53.0241
88.7715 53.0119
88.8715 52.9997
88.9715 52.9875
89.0715 52.9753
89.1715 52.9631
89.2715 52.9509
89.3715 52.9387
89.4715 52.9265
89.5715 52.9143
89.6715 52.9021
89.7715 52.8899
89.8715 52.8777
89.9715 52.8655
90.0715 52.8533
90.1715 52.8411
90.2715 52.8289
90.3715 52.8167
90.4715 52.8045
90.5715 52.7924
90.6715 52.7802
90.7715 52.768
90.8715 52.7558
90.9715 52.7436
91.0715 52.7314
91.1715 52.7192
91.2715 52.707
91.3715 52.6948
91.4715 52.6826
91.5715 52.6704
91.6715 52.6582
91.7715 52.646
91.8715 52.6338
91.9715 52.6216
92.0715 52.6094
92.1715 52.5972
92.2715 52.585
92.3715 52.5728
92.4715 52.5606
92.5715 52.5484
92.6715 52.5363
92.7715 52.5241
92.8715 52.5119
92.9715 52.4997
93.0715 52.4875
93.1715 52.4753
93.2715 52.4631
93.3715 52.4509
93.4715 52.4387
93.5715 52.4265
93.6715 52.4143
93.7715 52.4021
93.8715 52.3899
93.9715 52.3777
94.0715 52.3655
94.1715 52.3533
94.2715 52.3411
94.3715 52.3289
94.4715 52.3167
94.5715 52.3045
94.6715 52.2923
94.7715 52.2801
94.9715 52.268
95.0715 52.2558
95.1715 52.2436
95.2715 52.2314
95.3715 52.2192
95.4715 52.207
95.5715 52.1948
95.6715 52.1826
95.7715 52.1704
95.8715 52.1582
95.9715 52.146
96.0715 52.1338
96.1715 52.1216
96.2715 52.1094
96.3715 52.0972
96.4715 52.085
96.5715 52.0728
96.6715 52.0606
96.7715 52.0484
96.8715 52.0362
96.9715 52.024
97.0715 52.0119
97.1715 51.9997
97.2715 51.9875
97.3715 51.9753
97.4715 51.9631
97.5715 51.9509
97.6715 51.9387
97.7715 51.9265
97.8715 51.9143
97.9715 51.9021
98.0715 51.8899
98.1715 51.8777
98.2715 51.8655
98.3715 51.8533
98.4715 51.8411
98.5715 51.8289
98.6715 51.8167
98.7715 51.8045
98.8715 51.7923
98.9715 51.7801
99.0715 51.7679
99.1715 51.7558
99.2715 51.7436
99.3715 51.7314
99.4715 51.7192
99.5715 51.707
99.6715 51.6948
99.7715 51.6826
99.8715 51.6704
99.9715 51.6582
