0.0715493 43.6955
0.171549 49.9363
0.266583 45.8802
0.271549 43.4837
0.371549 40.8388
0.471549 49.6098
0.571549 39.7449
0.671549 49.6844
0.771549 48.2947
0.971549 48.5771
1.07155 41.3006
1.17155 50.2636
1.27155 48.0497
1.37155 53.2429
1.47155 50.918
1.57155 45.2924
1.67155 35.5365
1.77155 40.6757
1.97155 49.1473
2.07155 51.5879
2.17155 31.8737
2.27155 40.9601
2.37155 50.2773
2.47155 39.1524
2.57155 49.4874
2.67155 45.1881
2.77155 43.1377
2.87155 43.5091
2.97155 45.1314
3.07155 49.8427
3.17155 48.1707
3.27155 49.7498
3.37155 44.168
3.47155 44.2065
3.57155 41.6294
3.67155 38.0573
3.77155 50.0216
3.87155 47.6506
3.97155 44.6619
4.07155 49.7198
4.17155 42.2546
4.27155 47.5785
4.37155 37.687
4.47155 46.423
4.57155 40.2071
4.67155 36.9817
4.77155 40.3242
4.87155 47.442
4.97155 37.4701
5.07155 51.2411
5.17155 46.9458
5.27155 52.7457
5.37155 48.5716
5.47155 49.799
5.57155 43.5367
5.67155 45.5116
5.77155 42.0408
5.87155 42.0013
5.97155 54.2837
6.07155 45.0781
6.17155 51.1162
6.27155 45.3628
6.37155 50.567
6.47155 47.3927
6.57155 33.5055
6.67155 51.7651
6.77155 36.5738
6.87155 40.6534
6.97155 34.4439
7.07155 49.7517
7.17155 44.6518
7.37155 45.6712
7.47155 47.5451
7.57155 52.233
7.67155 49.0549
7.77155 36.0705
7.87155 52.2904
7.97155 50.9828
8.07155 37.957
8.17155 44.1171
8.27155 44.5627
8.37155 44.7704
8.47155 51.2839
8.57155 42.3101
8.67155 46.9951
8.77155 34.0655
8.87155 49.2602
8.97155 48.8194
9.07155 42.1387
9.17155 52.2039
9.27155 48.395
9.37155 47.106
9.47155 49.9813
9.57155 41.1158
9.67155 48.4471
9.77155 49.9684
9.87155 46.7611
9.97155 44.8427
10.0715 37.6618
10.1715 49.9027
10.2715 36.6443
10.3715 42.1471
10.4715 34.5693
10.5715 46.5668
10.6715 46.563
10.7715 48.2241
10.8715 38.2271
10.9715 45.9247
11.0715 53.6886
11.1715 52.0095
11.2715 43.999
11.3715 40.374
11.4715 47.8993
11.5715 36.1734
11.6715 49.4868
11.7715 31.9092
11.8715 45.3998
11.9715 38.6715
12.0715 43.2672
12.1715 46.795
12.2715 45.4375
12.3715 47.3807
12.4715 47.8236
12.5715 51.1897
12.6715 48.4109
12.7715 48.4304
12.8715 47.7359
12.9715 47.5382
13.0715 50.5785
13.1715 48.0497
13.2715 32.3586
13.3715 48.3736
13.4715 42.7486
13.5715 50.4285
13.6715 50.1956
13.7715 48.7439
13.8715 49.7768
13.9715 50.6144
14.0715 49.7952
14.1715 47.2731
14.2715 50.5503
14.3715 48.9561
14.4715 45.5833
14.5715 48.8495
14.6715 47.4884
14.7715 43.7296
14.8715 48.1357
14.9715 50.6874
15.0715 38.0426
15.1715 54.8904
15.2715 52.7278
15.3715 47.3304
15.4715 41.8435
15.5715 38.0234
15.6715 39.6634
15.7715 42.9187
15.8715 49.0713
15.9715 51.2734
16.0715 35.328
16.1715 40.5859
16.2715 52.584
16.3715 50.9313
16.4715 48.2444
16.5715 48.4537
16.6715 54.6412
16.7715 49.2783
16.8715 48.3178
16.9715 52.2606
17.0715 42.2854
17.2715 42.2468
17.3715 42.2083
17.4715 42.1698
17.5715 42.1313
17.6715 42.0928
17.7715 42.0543
17.8715 42.0158
17.9715 41.9772
18.0715 41.9387
18.1715 41.9002
18.2715 41.8617
18.3715 41.8232
18.4715 41.7847
18.5715 41.7461
18.6715 41.7076
18.7715 41.6691
18.8715 41.6306
18.9715 41.5921
19.0715 41.5536
19.1715 41.5151
19.2715 41.4765
19.3715 41.438
19.4715 41.3995
19.5715 41.361
19.6715 41.3225
19.7715 41.284
19.8715 41.2455
19.9715 41.2069
20.0715 41.1684
20.1715 41.1299
20.2715 41.0914
20.3715 41.0529
20.4715 41.0144
20.5715 40.9758
20.7715 40.9373
20.8715 40.8988
21.0715 40.8603
21.1715 40.8218
21.2715 40.7833
21.3715 40.7448
21.4715 40.7062
21.5715 40.6677
21.6715 40.6292
21.7715 40.5907
21.8715 40.5522
21.9715 40.5137
22.0715 40.4751
22.1715 40.4366
22.2715 40.3981
22.3715 40.3596
22.4715 40.3211
22.5715 40.2826
22.6715 40.2441
22.7715 40.2055
22.8715 40.167
22.9715 40.1285
23.0715 40.09
23.1715 40.0515
23.2715 40.013
23.3715 39.9745
23.4715 39.9359
23.5715 39.8974
23.6715 39.8589
23.7715 39.8204
23.8715 39.7819
23.9715 39.7434
24.0715 39.7048
24.1715 39.6663
24.2715 39.6278
24.3715 39.5893
24.4715 39.5508
24.5715 39.5123
24.6715 39.4738
24.7715 39.4352
24.8715 39.3967
24.9715 39.3582
25.0715 39.3197
25.1715 39.2812
25.3715 39.2427
25.4715 39.2041
25.5715 39.1656
25.6715 39.1271
25.7715 39.0886
25.8715 39.0501
25.9715 39.0116
26.0715 38.9731
26.1715 38.9345
26.2715 38.896
26.3715 38.8575
26.4715 38.819
26.5715 38.7805
26.6715 38.742
26.7715 38.7035
26.8715 38.6649
26.9715 38.6264
27.0715 38.5879
27.1715 38.5494
27.2715 38.5109
27.3715 38.4724
27.4715 38.4338
27.5715 38.3953
27.6715 38.3568
27.7715 38.3183
27.8715 38.2798
27.9715 38.2413
28.0715 38.2028
28.1715 38.1642
28.2715 38.1257
28.3715 38.0872
28.4715 38.0487
28.5715 38.0102
28.6715 37.9717
28.7715 37.9332
28.8715 37.8946
28.9715 37.8561
29.0715 37.8176
29.1715 37.7791
29.2715 37.7406
29.3715 37.7021
29.4715 37.6635
29.5715 37.625
29.6715 37.5865
29.7715 37.548
29.8715 37.5095
29.9715 37.471
30.0715 37.4325
30.1715 37.3939
30.2715 37.3554
30.3715 37.3169
30.4715 37.2784
30.5715 37.2399
30.6715 37.2014
30.7715 37.1628
30.8715 37.1243
30.9715 37.0858
31.0715 37.0473
31.1715 37.0088
31.2715 36.9703
31.3715 36.9318
31.4715 36.8932
31.5715 36.8547
31.6715 36.8162
31.7715 36.7777
31.8715 36.7392
31.9715 36.7007
32.0715 36.6622
32.1715 36.6236
32.2715 36.5851
32.3715 36.5466
32.4715 36.5081
32.5715 36.4696
32.6715 36.4311
32.7715 36.3925
32.8715 36.354
32.9715 36.3155
33.0715 36.277
33.1715 36.2385
33.2715 36.2
33.3715 36.1615
33.4715 36.1229
33.5715 36.0844
33.6715 36.0459
33.7715 36.0074
33.8715 35.9689
33.9715 35.9304
34.0715 35.8918
34.1715 35.8533
34.2715 35.8148
34.3715 35.7763
34.4715 35.7378
34.5715 35.6993
34.6715 35.6608
34.7715 35.6222
34.8715 35.5837
34.9715 35.5452
35.0715 35.5067
35.2715 35.4682
35.3715 35.4297
35.4715 35.3912
35.5715 35.3526
35.6715 35.3141
35.7715 35.2756
35.8715 35.2371
35.9715 35.1986
36.0715 35.1601
36.1715 35.1215
36.2715 35.083
36.3715 35.0445
36.4715 35.006
36.5715 34.9675
36.6715 34.929
36.7715 34.8905
36.8715 34.8519
36.9715 34.8134
37.0715 34.7749
37.1715 34.7364
37.2715 34.6979
37.3715 34.6594
37.4715 34.6208
37.5715 34.5823
37.6715 34.5438
37.7715 34.5053
37.8715 34.4668
37.9715 34.4283
38.0715 34.3898
38.1715 34.3512
38.2715 34.3127
38.3715 34.2742
38.4715 34.2357
38.5715 34.1972
38.6715 34.1587
38.7715 34.1202
38.8715 34.0816
38.9715 34.0431
39.0715 34.0046
39.1715 33.9661
39.2715 33.9276
39.3715 33.8891
39.4715 33.8505
39.5715 33.812
39.6715 33.7735
39.7715 33.735
39.8715 33.6965
39.9715 33.658
40.1715 33.6195
40.2715 33.5809
40.3715 33.5424
40.4715 33.5039
40.5715 33.4654
40.6715 33.4269
40.7715 33.3884
40.8715 33.3499
40.9715 33.3113
41.0715 33.2728
41.1715 33.2343
41.2715 33.1958
41.3715 33.1573
41.4715 33.1188
41.5715 33.0802
41.6715 33.0417
41.7715 33.0032
41.8715 32.9647
41.9715 32.9262
42.0715 32.8877
42.1715 32.8492
42.2715 32.8106
42.3715 32.7721
42.4715 32.7336
42.5715 32.6951
42.6715 32.6566
42.7715 32.6181
42.8715 32.5795
42.9715 32.541
43.0715 32.5025
43.1715 32.464
43.2715 32.4255
43.3715 32.387
43.4715 32.3485
43.5715 32.3099
43.6715 32.2714
43.7715 32.2329
43.8715 32.1944
43.9715 32.1559
44.0715 32.1174
44.1715 32.0789
44.2715 32.0403
44.3715 32.0018
44.4715 31.9633
44.5715 31.9248
44.6715 31.8863
44.7715 31.8478
44.8715 31.8092
44.9715 31.7707
45.0715 31.7322
45.1715 31.6937
45.2715 31.6552
45.3715 31.6167
45.4715 31.5782
45.5715 31.5396
45.6715 31.5011
45.7715 31.4626
45.8715 31.4241
45.9715 31.3856
46.0715 31.3471
46.1715 31.3085
46.2715 31.27
46.3715 31.2315
46.4715 31.193
46.5715 31.1545
46.6715 31.116
46.7715 31.0775
46.8715 31.0389
46.9715 31.0004
47.0715 30.9619
47.1715 30.9234
47.2715 30.8849
47.3715 30.8464
47.4715 30.8079
47.5715 30.7693
47.6715 30.7308
47.7715 30.6923
47.8715 30.6538
47.9715 30.6153
48.0715 30.5768
48.1715 30.5382
48.2715 30.4997
48.3715 30.4612
48.4715 30.4227
48.5715 30.3842
48.6715 30.3457
48.7715 30.3072
48.8715 30.2686
48.9715 30.2301
49.0715 30.1916
49.1715 30.1531
49.2715 30.1146
49.3715 30.0761
49.4715 30.0376
49.5715 29.999
49.6715 29.9605
49.7715 29.922
49.8715 29.8835
49.9715 29.845
50.0715 29.8065
50.1715 29.7679
50.2715 29.7294
50.3715 29.6909
50.4715 29.6524
50.5715 29.6139
50.6715 29.5754
50.7715 29.5369
50.8715 29.4983
50.9715 29.4598
51.0715 29.4213
51.1715 29.3828
51.2715 29.3443
51.3715 29.3058
51.4715 29.2672
51.5715 29.2287
51.6715 29.1902
51.7715 29.1517
51.8715 29.1132
51.9715 29.0747
52.0715 29.0362
52.1715 28.9976
52.2715 28.9591
52.3715 28.9206
52.4715 28.8821
52.5715 28.8436
52.6715 28.8051
52.7715 28.7666
52.8715 28.728
52.9715 28.6895
53.0715 28.651
53.1715 28.6125
53.2715 28.574
53.3715 28.5355
53.4715 28.4969
53.5715 28.4584
53.6715 28.4199
53.7715 28.3814
53.8715 28.3429
53.9715 28.3044
54.0715 28.2659
54.1715 28.2273
54.2715 28.1888
54.3715 28.1503
54.4715 28.1118
54.5715 28.0733
54.6715 28.0348
54.7715 27.9962
54.8715 27.9577
54.9715 27.9192
55.0715 27.8807
55.1715 27.8422
55.2715 27.8037
55.3715 27.7652
55.4715 27.7266
55.5715 27.6881
55.6715 27.6496
55.7715 27.6111
55.8715 27.5726
55.9715 27.5341
56.0715 27.4956
56.1715 27.457
56.2715 27.4185
56.3715 27.38
56.4715 27.3415
56.5715 27.303
56.6715 27.2645
56.7715 27.2259
56.8715 27.1874
56.9715 27.1489
57.0715 27.1104
57.1715 27.0719
57.2715 27.0334
57.3715 26.9949
57.4715 26.9563
57.5715 26.9178
57.6715 26.8793
57.7715 26.8408
57.8715 26.8023
57.9715 26.7638
58.0715 26.7253
58.1715 26.6867
58.2715 26.6482
58.3715 26.6097
58.4715 26.5712
58.5715 26.5327
58.6715 26.4942
58.7715 26.4556
58.8715 26.4171
58.9715 26.3786
59.0715 26.3401
59.1715 26.3016
59.2715 26.2631
59.3715 26.2246
59.4715 26.186
59.5715 26.1475
59.6715 26.109
59.7715 26.0705
59.8715 26.032
59.9715 25.9935
60.0715 25.9549
60.1715 25.9164
60.2715 25.8779
60.3715 25.8394
60.4715 25.8009
60.5715 25.7624
60.6715 25.7239
60.7715 25.6853
60.8715 25.6468
60.9715 25.6083
61.0715 25.5698
61.1715 25.5313
61.2715 25.4928
61.3715 25.4543
61.4715 25.4157
61.5715 25.3772
61.6715 25.3387
61.7715 25.3002
61.8715 25.2617
61.9715 25.2232
62.0715 25.1846
62.1715 25.1461
62.2715 25.1076
62.3715 25.0691
62.4715 25.0306
62.5715 24.9921
62.6715 24.9536
62.7715 24.915
62.9715 24.8765
63.0715 24.838
63.1715 24.7995
63.2715 24.761
63.3715 24.7225
63.4715 24.6839
63.5715 24.6454
63.6715 24.6069
63.7715 24.5684
63.8715 24.5299
63.9715 24.4914
64.0715 24.4529
64.1715 24.4143
64.2715 24.3758
64.3715 24.3373
64.4715 24.2988
64.5715 24.2603
64.6715 24.2218
64.7715 24.1833
64.8715 24.1447
64.9715 24.1062
65.0715 24.0677
65.1715 24.0292
65.2715 23.9907
65.3715 23.9522
65.4715 23.9136
65.5715 23.8751
65.6715 23.8366
65.7715 23.7981
65.8715 23.7596
65.9715 23.7211
66.0715 23.6826
66.1715 23.644
66.2715 23.6055
66.3715 23.567
66.4715 23.5285
66.5715 23.49
66.6715 23.4515
66.7715 23.413
66.8715 23.3744
66.9715 23.3359
67.0715 23.2974
67.1715 23.2589
67.2715 23.2204
67.3715 23.1819
67.4715 23.1433
67.5715 23.1048
67.6715 23.0663
67.7715 23.0278
67.8715 22.9893
67.9715 22.9508
68.0715 22.9123
68.1715 22.8737
68.2715 22.8352
68.3715 22.7967
68.4715 22.7582
68.5715 22.7197
68.6715 22.6812
68.7715 22.6426
68.8715 22.6041
68.9715 22.5656
69.0715 22.5271
69.1715 22.4886
69.2715 22.4501
69.3715 22.4116
69.4715 22.373
69.5715 22.3345
69.6715 22.296
69.7715 22.2575
69.8715 22.219
69.9715 22.1805
70.0715 22.142
70.1715 22.1034
70.2715 22.0649
70.3715 22.0264
70.4715 21.9879
70.5715 21.9494
70.6715 21.9109
70.7715 21.8723
70.8715 21.8338
70.9715 21.7953
71.0715 21.7568
71.1715 21.7183
71.2715 21.6798
71.3715 21.6413
71.4715 21.6027
71.5715 21.5642
71.6715 21.5257
71.7715 21.4872
71.8715 21.4487
71.9715 21.4102
72.0715 21.3716
72.1715 21.3331
72.2715 21.2946
72.3715 21.2561
72.4715 21.2176
72.5715 21.1791
72.6715 21.1406
72.7715 21.102
72.8715 21.0635
72.9715 21.025
73.0715 20.9865
73.1715 20.948
73.2715 20.9095
73.3715 20.871
73.4715 20.8324
73.5715 20.7939
73.6715 20.7554
73.7715 20.7169
73.8715 20.6784
73.9715 20.6399
74.0715 20.6013
74.1715 20.5628
74.2715 20.5243
74.3715 20.4858
74.4715 20.4473
74.5715 20.4088
74.6715 20.3703
74.7715 20.3317
74.8715 20.2932
74.9715 20.2547
75.0715 20.2162
75.1715 20.1777
75.2715 20.1392
75.3715 20.1006
75.4715 20.0621
75.5715 20.0236
75.6715 19.9851
75.7715 19.9466
75.8715 19.9081
75.9715 19.8696
76.0715 19.831
76.1715 19.7925
76.2715 19.754
76.3715 19.7155
76.4715 19.677
76.5715 19.6385
76.6715 19.6
76.7715 19.5614
76.8715 19.5229
76.9715 19.4844
77.0715 19.4459
77.1715 19.4074
77.2715 19.3689
77.3715 19.3303
77.4715 19.2918
77.5715 19.2533
77.6715 19.2148
77.7715 19.1763
77.8715 19.1378
77.9715 19.0993
78.0715 19.0607
78.1715 19.0222
78.2715 18.9837
78.3715 18.9452
78.4715 18.9067
78.5715 18.8682
78.6715 18.8297
78.7715 18.7911
78.8715 18.7526
78.9715 18.7141
79.0715 18.6756
79.1715 18.6371
79.2715 18.5986
79.3715 18.56
79.4715 18.5215
79.5715 18.483
79.6715 18.4445
79.7715 18.406
79.8715 18.3675
79.9715 18.329
80.0715 18.2904
80.1715 18.2519
80.2715 18.2134
80.3715 18.1749
80.4715 18.1364
80.5715 18.0979
80.6715 18.0593
80.7715 18.0208
80.8715 17.9823
80.9715 17.9438
81.0715 17.9053
81.1715 17.8668
81.2715 17.8283
81.3715 17.7897
81.4715 17.7512
81.5715 17.7127
81.6715 17.6742
81.7715 17.6357
81.8715 17.5972
81.9715 17.5587
82.0715 17.5201
82.1715 17.4816
82.2715 17.4431
82.3715 17.4046
82.4715 17.3661
82.5715 17.3276
82.6715 17.289
82.7715 17.2505
82.8715 17.212
82.9715 17.1735
83.0715 17.135
83.1715 17.0965
83.2715 17.058
83.3715 17.0194
83.4715 16.9809
83.5715 16.9424
83.6715 16.9039
83.7715 16.8654
83.8715 16.8269
83.9715 16.7883
84.0715 16.7498
84.1715 16.7113
84.2715 16.6728
84.3715 16.6343
84.4715 16.5958
84.5715 16.5573
84.6715 16.5187
84.7715 16.4802
84.8715 16.4417
84.9715 16.4032
85.0715 16.3647
85.1715 16.3262
85.2715 16.2877
85.3715 16.2491
85.4715 16.2106
85.5715 16.1721
85.6715 16.1336
85.7715 16.0951
85.8715 16.0566
85.9715 16.018
86.0715 15.9795
86.1715 15.941
86.2715 15.9025
86.3715 15.864
86.4715 15.8255
86.5715 15.787
86.6715 15.7484
86.7715 15.7099
86.8715 15.6714
86.9715 15.6329
87.0715 15.5944
87.1715 15.5559
87.2715 15.5174
87.3715 15.4788
87.4715 15.4403
87.5715 15.4018
87.6715 15.3633
87.7715 15.3248
87.8715 15.2863
87.9715 15.2477
88.0715 15.2092
88.1715 15.1707
88.2715 15.1322
88.3715 15.0937
88.4715 15.0552
88.5715 15.0167
88.6715 14.9781
88.7715 14.9396
88.8715 14.9011
88.9715 14.8626
89.0715 14.8241
89.1715 14.7856
89.2715 14.747
89.3715 14.7085
89.4715 14.67
89.5715 14.6315
89.6715 14.593
89.7715 14.5545
89.8715 14.516
89.9715 14.4774
90.0715 14.4389
90.1715 14.4004
90.2715 14.3619
90.3715 14.3234
90.4715 14.2849
90.5715 14.2464
90.6715 14.2078
90.7715 14.1693
90.8715 14.1308
90.9715 14.0923
91.0715 14.0538
91.1715 14.0153
91.2715 13.9767
91.3715 13.9382
91.4715 13.8997
91.5715 13.8612
91.6715 13.8227
91.7715 13.7842
91.8715 13.7457
91.9715 13.7071
92.0715 13.6686
92.1715 13.6301
92.2715 13.5916
92.3715 13.5531
92.4715 13.5146
92.5715 13.476
92.6715 13.4375
92.7715 13.399
92.8715 13.3605
92.9715 13.322
93.0715 13.2835
93.1715 13.245
93.2715 13.2064
93.3715 13.1679
93.4715 13.1294
93.5715 13.0909
93.6715 13.0524
93.7715 13.0139
93.8715 12.9754
93.9715 12.9368
94.0715 12.8983
94.1715 12.8598
94.2715 12.8213
94.3715 12.7828
94.4715 12.7443
94.5715 12.7057
94.6715 12.6672
94.7715 12.6287
94.9715 12.5902
95.0715 12.5517
95.1715 12.5132
95.2715 12.4747
95.3715 12.4361
95.4715 12.3976
95.5715 12.3591
95.6715 12.3206
95.7715 12.2821
95.8715 12.2436
95.9715 12.2051
96.0715 12.1665
96.1715 12.128
96.2715 12.0895
96.3715 12.051
96.4715 12.0125
96.5715 11.974
96.6715 11.9354
96.7715 11.8969
96.8715 11.8584
96.9715 11.8199
97.0715 11.7814
97.1715 11.7429
97.2715 11.7044
97.3715 11.6658
97.4715 11.6273
97.5715 11.5888
97.6715 11.5503
97.7715 11.5118
97.8715 11.4733
97.9715 11.4347
98.0715 11.3962
98.1715 11.3577
98.2715 11.3192
98.3715 11.2807
98.4715 11.2422
98.5715 11.2037
98.6715 11.1651
98.7715 11.1266
98.8715 11.0881
98.9715 11.0496
99.0715 11.0111
99.1715 10.9726
99.2715 10.9341
99.3715 10.8955
99.4715 10.857
99.5715 10.8185
99.6715 10.78
99.7715 10.7415
99.8715 10.703
99.9715 10.6644
