0.0715493 43.6955
0.171549 49.9363
0.266583 45.8802
0.271549 43.4837
0.371549 40.8388
0.471549 49.6098
0.571549 39.7449
0.671549 49.6844
0.771549 48.2947
0.971549 48.5771
1.07155 41.3006
1.17155 50.2636
1.27155 48.0497
1.37155 53.2429
1.47155 50.918
1.57155 45.2924
1.67155 35.5365
1.77155 40.6757
1.97155 49.1473
2.07155 51.5879
2.17155 31.8737
2.27155 40.9601
2.37155 50.2773
2.47155 39.1524
2.57155 49.4874
2.67155 45.1881
2.77155 43.1377
2.87155 43.5091
2.97155 45.1314
3.07155 49.8427
3.17155 48.1707
3.27155 49.7498
3.37155 44.168
3.47155 44.2065
3.57155 41.6294
3.67155 38.0573
3.77155 50.0216
3.87155 47.6506
3.97155 44.6619
4.07155 49.7198
4.17155 42.2546
4.27155 47.5785
4.37155 37.687
4.47155 46.423
4.57155 40.2071
4.67155 36.9817
4.77155 40.3242
4.87155 47.442
4.97155 37.4701
5.07155 51.2411
5.17155 46.9458
5.27155 52.7457
5.37155 48.5716
5.47155 49.799
5.57155 43.5367
5.67155 45.5116
5.77155 42.0408
5.87155 42.0013
5.97155 54.2837
6.07155 45.0781
6.17155 51.1162
6.27155 45.3628
6.37155 50.567
6.47155 47.3927
6.57155 33.5055
6.67155 51.7651
6.77155 36.5738
6.87155 40.6534
6.97155 34.4439
7.07155 49.7517
7.17155 44.6518
7.37155 45.6712
7.47155 47.5451
7.57155 52.233
7.67155 49.0549
7.77155 36.0705
7.87155 52.2904
7.97155 50.9828
8.07155 37.957
8.17155 44.1171
8.27155 44.5627
8.37155 44.7704
8.47155 51.2839
8.57155 42.3101
8.67155 46.9951
8.77155 34.0655
8.87155 49.2602
8.97155 48.8194
9.07155 42.1387
9.17155 52.2039
9.27155 48.395
9.37155 47.106
9.47155 49.9813
9.57155 41.1158
9.67155 48.4471
9.77155 49.9684
9.87155 46.7611
9.97155 44.8427
10.0715 37.6618
10.1715 49.9027
10.2715 36.6443
10.3715 42.1471
10.4715 34.5693
10.5715 46.5668
10.6715 46.563
10.7715 48.2241
10.8715 38.2271
10.9715 45.9247
11.0715 53.6886
11.1715 52.0095
11.2715 43.999
11.3715 40.374
11.4715 47.8993
11.5715 36.1734
11.6715 49.4868
11.7715 31.9092
11.8715 45.3998
11.9715 38.6715
12.0715 43.2672
12.1715 46.795
12.2715 45.4375
12.3715 47.3807
12.4715 47.8236
12.5715 51.1897
12.6715 48.4109
12.7715 48.4304
12.8715 47.7359
12.9715 47.5382
13.0715 50.5785
13.1715 48.0497
13.2715 32.3586
13.3715 48.3736
13.4715 42.7486
13.5715 50.4285
13.6715 50.1956
13.7715 48.7439
13.8715 49.7768
13.9715 50.6144
14.0715 49.7952
14.1715 47.2731
14.2715 50.5503
14.3715 48.9561
14.4715 45.5833
14.5715 48.8495
14.6715 47.4884
14.7715 43.7296
14.8715 48.1357
14.9715 50.6874
15.0715 38.0426
15.1715 54.8904
15.2715 52.7278
15.3715 47.3304
15.4715 41.8435
15.5715 38.0234
15.6715 39.6634
15.7715 42.9187
15.8715 49.0713
15.9715 51.2734
16.0715 35.328
16.1715 40.5859
16.2715 52.584
16.3715 50.9313
16.4715 48.2444
16.5715 48.4537
16.6715 54.6412
16.7715 49.2783
16.8715 48.3178
16.9715 52.2606
17.0715 33.5765
17.2715 49.3799
17.3715 43.7656
17.4715 52.2117
17.5715 40.2145
17.6715 42.6507
17.7715 50.4886
17.8715 36.5815
17.9715 46.2012
18.0715 49.4829
18.1715 44.4295
18.2715 45.6315
18.3715 52.2227
18.4715 48.8489
18.5715 50.9311
18.6715 50.9496
18.7715 47.9749
18.8715 44.591
18.9715 50.1432
19.0715 41.9575
19.1715 54.0279
19.2715 44.8028
19.3715 44.206
19.4715 46.9649
19.5715 45.2883
19.6715 54.5267
19.7715 47.5396
19.8715 46.1845
19.9715 47.8175
20.0715 46.1558
20.1715 46.8928
20.2715 34.3625
20.3715 35.6253
20.4715 43.533
20.5715 42.0244
20.7715 57.6602
20.8715 37.9795
21.0715 52.3437
21.1715 45.7535
21.2715 50.2097
21.3715 43.5357
21.4715 41.6658
21.5715 43.3066
21.6715 50.7037
21.7715 50.9082
21.8715 51.5808
21.9715 52.1846
22.0715 48.7649
22.1715 44.686
22.2715 47.4861
22.3715 52.1687
22.4715 53.8969
22.5715 52.1308
22.6715 47.2023
22.7715 43.1257
22.8715 49.5971
22.9715 53.8327
23.0715 49.5056
23.1715 45.9397
23.2715 53.526
23.3715 49.892
23.4715 53.0534
23.5715 48.4956
23.6715 44.9069
23.7715 50.7807
23.8715 49.7588
23.9715 38.56
24.0715 45.908
24.1715 49.2149
24.2715 45.6112
24.3715 52.2679
24.4715 45.9918
24.5715 48.7082
24.6715 51.6402
24.7715 53.7569
24.8715 54.0407
24.9715 46.0296
25.0715 43.1218
25.1715 35.8751
25.3715 48.7441
25.4715 51.3365
25.5715 54.8132
25.6715 41.7782
25.7715 51.3914
25.8715 34.0248
25.9715 54.0384
26.0715 53.9897
26.1715 43.123
26.2715 45.1151
26.3715 50.7119
26.4715 56.4638
26.5715 45.4824
26.6715 51.2189
26.7715 51.0075
26.8715 49.0479
26.9715 48.0783
27.0715 46.691
27.1715 47.8506
27.2715 51.5188
27.3715 39.3085
27.4715 49.8201
27.5715 41.7838
27.6715 47.8737
27.7715 53.2684
27.8715 47.7552
27.9715 52.8847
28.0715 46.4709
28.1715 47.8725
28.2715 51.2732
28.3715 46.1699
28.4715 51.0446
28.5715 48.3172
28.6715 45.0643
28.7715 53.8933
28.8715 51.967
28.9715 46.3913
29.0715 54.6284
29.1715 55.3209
29.2715 50.7268
29.3715 44.2853
29.4715 48.1283
29.5715 46.839
29.6715 41.2051
29.7715 50.5187
29.8715 47.9572
29.9715 54.6847
30.0715 52.743
30.1715 47.0117
30.2715 45.1598
30.3715 50.5036
30.4715 56.4755
30.5715 59.2157
30.6715 48.9156
30.7715 48.7842
30.8715 39.6228
30.9715 47.6242
31.0715 53.7903
31.1715 47.9576
31.2715 45.8838
31.3715 48.2456
31.4715 46.8697
31.5715 42.8948
31.6715 51.896
31.7715 57.9366
31.8715 41.1304
31.9715 52.5506
32.0715 54.4831
32.1715 47.3053
32.2715 47.4563
32.3715 50.536
32.4715 44.6988
32.5715 54.7156
32.6715 48.6161
32.7715 46.2333
32.8715 49.3296
32.9715 54.4867
33.0715 56.5578
33.1715 50.8329
33.2715 56.631
33.3715 56.6495
33.4715 52.638
33.5715 54.02
33.6715 42.9035
33.7715 46.0072
33.8715 53.1826
33.9715 45.9266
34.0715 51.2084
34.1715 45.4762
34.2715 51.0914
34.3715 33.117
34.4715 51.3048
34.5715 51.9183
34.6715 42.8077
34.7715 51.182
34.8715 47.9045
34.9715 57.1673
35.0715 44.9877
35.2715 44.9579
35.3715 44.9281
35.4715 44.8983
35.5715 44.8685
35.6715 44.8388
35.7715 44.809
35.8715 44.7792
35.9715 44.7494
36.0715 44.7196
36.1715 44.6899
36.2715 44.6601
36.3715 44.6303
36.4715 44.6005
36.5715 44.5707
36.6715 44.5409
36.7715 44.5112
36.8715 44.4814
36.9715 44.4516
37.0715 44.4218
37.1715 44.392
37.2715 44.3623
37.3715 44.3325
37.4715 44.3027
37.5715 44.2729
37.6715 44.2431
37.7715 44.2133
37.8715 44.1836
37.9715 44.1538
38.0715 44.124
38.1715 44.0942
38.2715 44.0644
38.3715 44.0347
38.4715 44.0049
38.5715 43.9751
38.6715 43.9453
38.7715 43.9155
38.8715 43.8857
38.9715 43.856
39.0715 43.8262
39.1715 43.7964
39.2715 43.7666
39.3715 43.7368
39.4715 43.7071
39.5715 43.6773
39.6715 43.6475
39.7715 43.6177
39.8715 43.5879
39.9715 43.5582
40.1715 43.5284
40.2715 43.4986
40.3715 43.4688
40.4715 43.439
40.5715 43.4092
40.6715 43.3795
40.7715 43.3497
40.8715 43.3199
40.9715 43.2901
41.0715 43.2603
41.1715 43.2306
41.2715 43.2008
41.3715 43.171
41.4715 43.1412
41.5715 43.1114
41.6715 43.0816
41.7715 43.0519
41.8715 43.0221
41.9715 42.9923
42.0715 42.9625
42.1715 42.9327
42.2715 42.903
42.3715 42.8732
42.4715 42.8434
42.5715 42.8136
42.6715 42.7838
42.7715 42.7541
42.8715 42.7243
42.9715 42.6945
43.0715 42.6647
43.1715 42.6349
43.2715 42.6051
43.3715 42.5754
43.4715 42.5456
43.5715 42.5158
43.6715 42.486
43.7715 42.4562
43.8715 42.4265
43.9715 42.3967
44.0715 42.3669
44.1715 42.3371
44.2715 42.3073
44.3715 42.2775
44.4715 42.2478
44.5715 42.218
44.6715 42.1882
44.7715 42.1584
44.8715 42.1286
44.9715 42.0989
45.0715 42.0691
45.1715 42.0393
45.2715 42.0095
45.3715 41.9797
45.4715 41.9499
45.5715 41.9202
45.6715 41.8904
45.7715 41.8606
45.8715 41.8308
45.9715 41.801
46.0715 41.7713
46.1715 41.7415
46.2715 41.7117
46.3715 41.6819
46.4715 41.6521
46.5715 41.6224
46.6715 41.5926
46.7715 41.5628
46.8715 41.533
46.9715 41.5032
47.0715 41.4734
47.1715 41.4437
47.2715 41.4139
47.3715 41.3841
47.4715 41.3543
47.5715 41.3245
47.6715 41.2948
47.7715 41.265
47.8715 41.2352
47.9715 41.2054
48.0715 41.1756
48.1715 41.1458
48.2715 41.1161
48.3715 41.0863
48.4715 41.0565
48.5715 41.0267
48.6715 40.9969
48.7715 40.9672
48.8715 40.9374
48.9715 40.9076
49.0715 40.8778
49.1715 40.848
49.2715 40.8183
49.3715 40.7885
49.4715 40.7587
49.5715 40.7289
49.6715 40.6991
49.7715 40.6693
49.8715 40.6396
49.9715 40.6098
50.0715 40.58
50.1715 40.5502
50.2715 40.5204
50.3715 40.4907
50.4715 40.4609
50.5715 40.4311
50.6715 40.4013
50.7715 40.3715
50.8715 40.3417
50.9715 40.312
51.0715 40.2822
51.1715 40.2524
51.2715 40.2226
51.3715 40.1928
51.4715 40.1631
51.5715 40.1333
51.6715 40.1035
51.7715 40.0737
51.8715 40.0439
51.9715 40.0141
52.0715 39.9844
52.1715 39.9546
52.2715 39.9248
52.3715 39.895
52.4715 39.8652
52.5715 39.8355
52.6715 39.8057
52.7715 39.7759
52.8715 39.7461
52.9715 39.7163
53.0715 39.6866
53.1715 39.6568
53.2715 39.627
53.3715 39.5972
53.4715 39.5674
53.5715 39.5376
53.6715 39.5079
53.7715 39.4781
53.8715 39.4483
53.9715 39.4185
54.0715 39.3887
54.1715 39.359
54.2715 39.3292
54.3715 39.2994
54.4715 39.2696
54.5715 39.2398
54.6715 39.21
54.7715 39.1803
54.8715 39.1505
54.9715 39.1207
55.0715 39.0909
55.1715 39.0611
55.2715 39.0314
55.3715 39.0016
55.4715 38.9718
55.5715 38.942
55.6715 38.9122
55.7715 38.8825
55.8715 38.8527
55.9715 38.8229
56.0715 38.7931
56.1715 38.7633
56.2715 38.7335
56.3715 38.7038
56.4715 38.674
56.5715 38.6442
56.6715 38.6144
56.7715 38.5846
56.8715 38.5549
56.9715 38.5251
57.0715 38.4953
57.1715 38.4655
57.2715 38.4357
57.3715 38.4059
57.4715 38.3762
57.5715 38.3464
57.6715 38.3166
57.7715 38.2868
57.8715 38.257
57.9715 38.2273
58.0715 38.1975
58.1715 38.1677
58.2715 38.1379
58.3715 38.1081
58.4715 38.0783
58.5715 38.0486
58.6715 38.0188
58.7715 37.989
58.8715 37.9592
58.9715 37.9294
59.0715 37.8997
59.1715 37.8699
59.2715 37.8401
59.3715 37.8103
59.4715 37.7805
59.5715 37.7508
59.6715 37.721
59.7715 37.6912
59.8715 37.6614
59.9715 37.6316
60.0715 37.6018
60.1715 37.5721
60.2715 37.5423
60.3715 37.5125
60.4715 37.4827
60.5715 37.4529
60.6715 37.4232
60.7715 37.3934
60.8715 37.3636
60.9715 37.3338
61.0715 37.304
61.1715 37.2742
61.2715 37.2445
61.3715 37.2147
61.4715 37.1849
61.5715 37.1551
61.6715 37.1253
61.7715 37.0956
61.8715 37.0658
61.9715 37.036
62.0715 37.0062
62.1715 36.9764
62.2715 36.9467
62.3715 36.9169
62.4715 36.8871
62.5715 36.8573
62.6715 36.8275
62.7715 36.7977
62.9715 36.768
63.0715 36.7382
63.1715 36.7084
63.2715 36.6786
63.3715 36.6488
63.4715 36.6191
63.5715 36.5893
63.6715 36.5595
63.7715 36.5297
63.8715 36.4999
63.9715 36.4701
64.0715 36.4404
64.1715 36.4106
64.2715 36.3808
64.3715 36.351
64.4715 36.3212
64.5715 36.2915
64.6715 36.2617
64.7715 36.2319
64.8715 36.2021
64.9715 36.1723
65.0715 36.1425
65.1715 36.1128
65.2715 36.083
65.3715 36.0532
65.4715 36.0234
65.5715 35.9936
65.6715 35.9639
65.7715 35.9341
65.8715 35.9043
65.9715 35.8745
66.0715 35.8447
66.1715 35.815
66.2715 35.7852
66.3715 35.7554
66.4715 35.7256
66.5715 35.6958
66.6715 35.666
66.7715 35.6363
66.8715 35.6065
66.9715 35.5767
67.0715 35.5469
67.1715 35.5171
67.2715 35.4874
67.3715 35.4576
67.4715 35.4278
67.5715 35.398
67.6715 35.3682
67.7715 35.3384
67.8715 35.3087
67.9715 35.2789
68.0715 35.2491
68.1715 35.2193
68.2715 35.1895
68.3715 35.1598
68.4715 35.13
68.5715 35.1002
68.6715 35.0704
68.7715 35.0406
68.8715 35.0109
68.9715 34.9811
69.0715 34.9513
69.1715 34.9215
69.2715 34.8917
69.3715 34.8619
69.4715 34.8322
69.5715 34.8024
69.6715 34.7726
69.7715 34.7428
69.8715 34.713
69.9715 34.6833
70.0715 34.6535
70.1715 34.6237
70.2715 34.5939
70.3715 34.5641
70.4715 34.5343
70.5715 34.5046
70.6715 34.4748
70.7715 34.445
70.8715 34.4152
70.9715 34.3854
71.0715 34.3557
71.1715 34.3259
71.2715 34.2961
71.3715 34.2663
71.4715 34.2365
71.5715 34.2067
71.6715 34.177
71.7715 34.1472
71.8715 34.1174
71.9715 34.0876
72.0715 34.0578
72.1715 34.0281
72.2715 33.9983
72.3715 33.9685
72.4715 33.9387
72.5715 33.9089
72.6715 33.8792
72.7715 33.8494
72.8715 33.8196
72.9715 33.7898
73.0715 33.76
73.1715 33.7302
73.2715 33.7005
73.3715 33.6707
73.4715 33.6409
73.5715 33.6111
73.6715 33.5813
73.7715 33.5516
73.8715 33.5218
73.9715 33.492
74.0715 33.4622
74.1715 33.4324
74.2715 33.4026
74.3715 33.3729
74.4715 33.3431
74.5715 33.3133
74.6715 33.2835
74.7715 33.2537
74.8715 33.224
74.9715 33.1942
75.0715 33.1644
75.1715 33.1346
75.2715 33.1048
75.3715 33.0751
75.4715 33.0453
75.5715 33.0155
75.6715 32.9857
75.7715 32.9559
75.8715 32.9261
75.9715 32.8964
76.0715 32.8666
76.1715 32.8368
76.2715 32.807
76.3715 32.7772
76.4715 32.7475
76.5715 32.7177
76.6715 32.6879
76.7715 32.6581
76.8715 32.6283
76.9715 32.5985
77.0715 32.5688
77.1715 32.539
77.2715 32.5092
77.3715 32.4794
77.4715 32.4496
77.5715 32.4199
77.6715 32.3901
77.7715 32.3603
77.8715 32.3305
77.9715 32.3007
78.0715 32.2709
78.1715 32.2412
78.2715 32.2114
78.3715 32.1816
78.4715 32.1518
78.5715 32.122
78.6715 32.0923
78.7715 32.0625
78.8715 32.0327
78.9715 32.0029
79.0715 31.9731
79.1715 31.9434
79.2715 31.9136
79.3715 31.8838
79.4715 31.854
79.5715 31.8242
79.6715 31.7944
79.7715 31.7647
79.8715 31.7349
79.9715 31.7051
80.0715 31.6753
80.1715 31.6455
80.2715 31.6158
80.3715 31.586
80.4715 31.5562
80.5715 31.5264
80.6715 31.4966
80.7715 31.4668
80.8715 31.4371
80.9715 31.4073
81.0715 31.3775
81.1715 31.3477
81.2715 31.3179
81.3715 31.2882
81.4715 31.2584
81.5715 31.2286
81.6715 31.1988
81.7715 31.169
81.8715 31.1393
81.9715 31.1095
82.0715 31.0797
82.1715 31.0499
82.2715 31.0201
82.3715 30.9903
82.4715 30.9606
82.5715 30.9308
82.6715 30.901
82.7715 30.8712
82.8715 30.8414
82.9715 30.8117
83.0715 30.7819
83.1715 30.7521
83.2715 30.7223
83.3715 30.6925
83.4715 30.6627
83.5715 30.633
83.6715 30.6032
83.7715 30.5734
83.8715 30.5436
83.9715 30.5138
84.0715 30.4841
84.1715 30.4543
84.2715 30.4245
84.3715 30.3947
84.4715 30.3649
84.5715 30.3351
84.6715 30.3054
84.7715 30.2756
84.8715 30.2458
84.9715 30.216
85.0715 30.1862
85.1715 30.1565
85.2715 30.1267
85.3715 30.0969
85.4715 30.0671
85.5715 30.0373
85.6715 30.0076
85.7715 29.9778
85.8715 29.948
85.9715 29.9182
86.0715 29.8884
86.1715 29.8586
86.2715 29.8289
86.3715 29.7991
86.4715 29.7693
86.5715 29.7395
86.6715 29.7097
86.7715 29.68
86.8715 29.6502
86.9715 29.6204
87.0715 29.5906
87.1715 29.5608
87.2715 29.531
87.3715 29.5013
87.4715 29.4715
87.5715 29.4417
87.6715 29.4119
87.7715 29.3821
87.8715 29.3524
87.9715 29.3226
88.0715 29.2928
88.1715 29.263
88.2715 29.2332
88.3715 29.2035
88.4715 29.1737
88.5715 29.1439
88.6715 29.1141
88.7715 29.0843
88.8715 29.0545
88.9715 29.0248
89.0715 28.995
89.1715 28.9652
89.2715 28.9354
89.3715 28.9056
89.4715 28.8759
89.5715 28.8461
89.6715 28.8163
89.7715 28.7865
89.8715 28.7567
89.9715 28.7269
90.0715 28.6972
90.1715 28.6674
90.2715 28.6376
90.3715 28.6078
90.4715 28.578
90.5715 28.5483
90.6715 28.5185
90.7715 28.4887
90.8715 28.4589
90.9715 28.4291
91.0715 28.3993
91.1715 28.3696
91.2715 28.3398
91.3715 28.31
91.4715 28.2802
91.5715 28.2504
91.6715 28.2207
91.7715 28.1909
91.8715 28.1611
91.9715 28.1313
92.0715 28.1015
92.1715 28.0718
92.2715 28.042
92.3715 28.0122
92.4715 27.9824
92.5715 27.9526
92.6715 27.9228
92.7715 27.8931
92.8715 27.8633
92.9715 27.8335
93.0715 27.8037
93.1715 27.7739
93.2715 27.7442
93.3715 27.7144
93.4715 27.6846
93.5715 27.6548
93.6715 27.625
93.7715 27.5952
93.8715 27.5655
93.9715 27.5357
94.0715 27.5059
94.1715 27.4761
94.2715 27.4463
94.3715 27.4166
94.4715 27.3868
94.5715 27.357
94.6715 27.3272
94.7715 27.2974
94.9715 27.2677
95.0715 27.2379
95.1715 27.2081
95.2715 27.1783
95.3715 27.1485
95.4715 27.1187
95.5715 27.089
95.6715 27.0592
95.7715 27.0294
95.8715 26.9996
95.9715 26.9698
96.0715 26.9401
96.1715 26.9103
96.2715 26.8805
96.3715 26.8507
96.4715 26.8209
96.5715 26.7911
96.6715 26.7614
96.7715 26.7316
96.8715 26.7018
96.9715 26.672
97.0715 26.6422
97.1715 26.6125
97.2715 26.5827
97.3715 26.5529
97.4715 26.5231
97.5715 26.4933
97.6715 26.4636
97.7715 26.4338
97.8715 26.404
97.9715 26.3742
98.0715 26.3444
98.1715 26.3146
98.2715 26.2849
98.3715 26.2551
98.4715 26.2253
98.5715 26.1955
98.6715 26.1657
98.7715 26.136
98.8715 26.1062
98.9715 26.0764
99.0715 26.0466
99.1715 26.0168
99.2715 25.987
99.3715 25.9573
99.4715 25.9275
99.5715 25.8977
99.6715 25.8679
99.7715 25.8381
99.8715 25.8084
99.9715 25.7786
