0.0593132 47.7102
0.159313 47.6889
0.259313 47.6657
0.265214 47.4288
0.359313 47.2867
0.459313 47.2244
0.559313 47.1185
0.564745 47.0083
0.565194 47.0013
0.565699 46.9109
0.56613 46.7876
0.659313 46.6909
0.759313 46.6514
0.859313 46.5748
0.959313 46.4604
1.05931 46.4265
1.15931 46.4311
1.25931 46.3482
1.35931 46.2421
1.45931 46.2475
1.55931 46.162
1.65931 46.1673
1.75931 46.0191
1.85931 45.977
1.95931 45.9044
2.05931 45.7847
2.15931 45.6083
2.25931 45.518
2.35931 45.4976
2.45931 45.361
2.55931 45.4204
2.65931 45.2883
2.75931 45.2288
2.85931 45.1277
2.95931 44.9518
3.05931 44.7882
3.15931 44.7036
3.25931 44.7072
3.35931 44.7068
3.45931 44.633
3.55931 44.6132
3.65931 44.4995
3.75931 44.4972
3.95931 44.4634
4.05931 44.3669
4.15931 44.4193
4.25931 44.3746
4.35931 44.2099
4.45931 44.2835
4.55931 44.2821
4.65931 44.194
4.75931 44.2872
4.85931 44.2
4.95931 44.0704
5.05931 44.0139
5.15931 43.9874
5.25931 44.0198
5.35931 44.0575
5.45931 44.0967
5.55931 44.1282
5.65931 44.0588
5.75931 44.1149
5.85931 43.9124
5.95931 43.91
6.05931 43.9725
6.15931 44.0997
6.25931 44.1332
6.35931 44.1814
6.45931 44.2065
6.55931 44.3101
6.65931 44.1053
6.75931 44.1695
6.85931 44.1505
6.95931 44.1507
7.05931 43.9731
7.15931 44.0333
7.25931 43.9034
7.35931 43.7718
7.45931 43.7809
7.55931 43.8056
7.65931 43.8713
7.75931 43.8573
7.85931 43.9769
7.95931 43.9698
8.05931 43.938
8.15931 44.0313
8.25931 44.0315
8.35931 43.9036
8.45931 44.0404
8.55931 43.9758
8.65931 44.0837
8.75931 44.2059
8.85931 44.2956
8.95931 44.3239
9.05931 44.3946
9.15931 44.4471
9.25931 44.5927
9.35931 44.6383
9.45931 44.7305
9.55931 44.641
9.65931 44.6738
9.75931 44.7769
9.85931 44.6687
9.95931 44.5628
10.0593 44.7129
10.1593 44.8322
10.2593 44.9167
10.3593 44.8209
10.4593 44.9453
10.5593 44.9856
10.6593 44.9904
10.7593 45.0165
10.8593 45.0987
10.9593 45.1701
11.0593 45.1838
11.1593 45.3253
11.2593 45.4262
11.3593 45.5304
11.4593 45.6669
11.5593 45.6849
11.6593 45.7656
11.7593 45.8221
11.8593 45.7957
11.9593 45.8008
12.0593 45.7352
12.1593 45.8175
12.2593 45.6669
12.3593 45.7365
12.4593 45.6817
12.5593 45.7625
12.6593 45.7247
12.7593 45.7565
12.8593 45.879
12.9593 46.009
13.0593 46.2101
13.1593 46.251
13.2593 46.1208
13.3593 45.983
13.4593 45.9806
13.5593 46.1349
13.6593 46.1957
13.7593 46.163
13.8593 46.225
13.9593 46.2505
14.0593 46.3177
14.1593 46.4881
14.2593 46.494
14.3593 46.5459
14.4593 46.5213
14.5593 46.4011
14.6593 46.4578
14.7593 46.3327
14.8593 46.4445
14.9593 46.3624
15.0593 46.3656
15.1593 46.387
15.2593 46.4479
15.3593 46.6142
15.4593 46.6085
15.5593 46.5438
15.6593 46.5578
15.7593 46.5158
15.8593 46.624
15.9593 46.5955
16.0593 46.6634
16.1593 46.6058
16.2593 46.759
16.3593 46.7998
16.4593 46.5739
16.5593 46.6191
16.6593 46.6617
16.7593 46.6583
16.8593 46.6828
16.9593 46.7059
17.0593 46.7567
17.1593 46.7464
17.2593 46.7551
17.3593 46.657
17.4593 46.5942
17.5593 46.6463
17.6593 46.6692
17.7593 46.7349
17.8593 46.7498
17.9593 46.769
18.0593 46.8692
18.1593 46.9121
18.2593 46.9883
18.3593 47.0195
18.4593 46.9645
18.5593 46.9214
18.6593 46.9507
18.7593 46.8116
18.8593 46.7508
18.9593 46.8126
19.0593 46.7727
19.1593 46.7185
19.2593 46.7229
19.3593 46.7566
19.4593 46.804
19.5593 46.8212
19.6593 46.858
19.7593 46.9131
19.8593 46.9659
19.9593 46.9519
20.0593 46.8971
20.1593 46.9318
20.2593 46.9437
20.3593 46.8218
20.4593 46.7782
20.5593 46.7826
20.6593 46.787
20.7593 46.7113
20.8593 46.6099
20.9593 46.4486
21.0593 46.54
21.1593 46.5949
21.2593 46.5525
21.3593 46.5084
21.4593 46.5112
21.5593 46.4858
21.6593 46.4942
21.7593 46.5011
21.8593 46.2886
21.9593 46.2098
22.0593 46.2939
22.1593 46.318
22.3593 46.3684
22.4593 46.1156
22.5593 46.0546
22.6593 46.0826
22.7593 46.1593
22.8593 46.1301
22.9593 46.0776
23.0593 46.0504
23.1593 45.9845
23.2593 45.9419
23.3593 45.9832
23.4593 45.9706
23.5593 45.9424
23.6593 45.9108
23.7593 45.9302
23.8593 46.0095
23.9593 46.0064
24.0593 45.9736
24.1593 46.0196
24.2593 46.1163
24.3593 45.9273
24.4593 45.9656
24.5593 45.8658
24.6593 45.7331
24.8593 45.6846
25.0593 45.5329
25.1593 45.5509
25.2593 45.5292
25.3593 45.4672
25.4593 45.4739
25.5593 45.4314
25.6593 45.3199
25.7593 45.2704
25.8593 45.2211
25.9593 45.1553
26.0593 45.164
26.1593 45.1808
26.2593 45.022
26.3593 44.8862
26.4593 44.7612
26.5593 44.6149
26.6593 44.5465
26.7593 44.4649
26.8593 44.5308
26.9593 44.6017
27.0593 44.5762
27.1593 44.536
27.2593 44.3171
27.3593 44.2592
27.4593 44.2823
27.5593 44.3275
27.6593 44.2707
27.7593 44.3217
27.8593 44.379
27.9593 44.2471
28.0593 44.2038
28.1593 44.1509
28.2593 44.0859
28.3593 43.9284
28.4593 43.9745
28.5593 43.9246
28.6593 43.9633
28.7593 43.9728
28.8593 43.9567
28.9593 43.9118
29.0593 43.8601
29.1593 43.8063
29.2593 43.8001
29.3593 43.8116
29.4593 43.7203
29.5593 43.5821
29.6593 43.4296
29.7593 43.3985
29.8593 43.1852
29.9593 43.2179
30.0593 43.1058
30.1593 43.0518
30.2593 42.9178
30.3593 42.774
30.4593 42.6106
30.5593 42.6137
30.6593 42.5182
30.8593 42.4754
30.9593 42.4688
31.1593 42.4406
31.2593 42.4756
31.3593 42.3792
31.5593 42.4317
31.6593 42.3605
31.7593 42.4182
31.8593 42.4075
31.9593 42.4536
32.0593 42.5244
32.1593 42.4615
32.2593 42.3311
32.3593 42.3706
32.4593 42.337
32.5593 42.2543
32.6593 42.1544
32.7593 42.1911
32.8593 42.244
32.9593 42.2144
33.0593 42.2286
33.1593 42.2727
33.2593 42.2408
33.4593 42.2032
33.5593 42.2052
33.6593 42.2297
33.7593 42.1489
33.8593 42.2056
33.9593 42.2145
34.1593 42.1145
34.2593 41.9394
34.3593 42.0242
34.4593 42.0388
34.5593 41.8737
34.6593 41.7902
34.7593 41.65
34.8593 41.6595
34.9593 41.5503
35.0593 41.5619
35.1593 41.5011
35.2593 41.3207
35.3593 41.3203
35.4593 41.3636
35.5593 41.2093
35.6593 41.2211
35.7593 41.2829
35.8593 41.327
35.9593 41.1689
36.0593 41.083
36.1593 40.8965
36.2593 40.8091
36.3593 40.6616
36.4593 40.5732
36.5593 40.5977
36.6593 40.664
36.8593 40.6251
36.9593 40.5473
37.0593 40.5183
37.1593 40.5861
37.2593 40.5758
37.3593 40.5061
37.4593 40.5388
37.5593 40.4953
37.6593 40.4823
37.7593 40.3909
37.8593 40.3604
37.9593 40.3254
38.0593 40.2769
38.1593 40.1712
38.2593 40.0373
38.3593 39.9869
38.4593 39.8739
38.5593 39.833
38.6593 39.6662
38.7593 39.5446
38.8593 39.4111
38.9593 39.3056
39.0593 39.253
39.1593 39.1975
39.2593 39.0642
39.4593 39.1268
39.5593 39.1256
39.6593 39.0047
39.8593 38.9135
39.9593 38.8525
40.0593 38.867
40.1593 38.7709
40.2593 38.7779
40.3593 38.8087
40.4593 38.8123
40.5593 38.6894
40.6593 38.6286
40.7593 38.6205
40.8593 38.5533
41.0593 38.4215
41.1593 38.4477
41.2593 38.5844
41.3593 38.4702
41.4593 38.4392
41.5593 38.3946
41.6593 38.3763
41.7593 38.3891
41.8593 38.4174
41.9593 38.4478
42.0593 38.4485
42.1593 38.3947
42.2593 38.4146
42.3593 38.4501
42.4593 38.4633
42.5593 38.3952
42.6593 38.4431
42.7593 38.4624
42.8593 38.321
42.9593 38.3123
43.0593 38.2807
43.2593 38.2028
43.5593 38.2384
43.6593 38.3009
43.8593 38.2428
43.9593 38.1691
44.0593 38.0516
44.2593 38.0624
44.3593 37.9378
44.4593 38.0028
44.5593 38.0377
44.6593 38.0218
44.7593 37.9402
44.9593 37.8946
45.0593 37.8491
45.1593 37.8542
45.2593 37.8522
45.3593 37.7501
45.4593 37.6339
45.5593 37.5901
45.6593 37.6185
45.7593 37.5239
45.8593 37.5277
45.9593 37.5584
46.0593 37.5959
46.1593 37.5419
46.2593 37.4464
46.3593 37.4415
46.4593 37.4735
46.5593 37.5283
46.6593 37.5398
46.7593 37.5955
46.8593 37.6299
46.9593 37.5272
47.0593 37.487
47.1593 37.405
47.3593 37.3321
47.5593 37.2359
47.6593 37.2021
47.7593 37.2699
47.8593 37.1968
47.9593 37.1786
48.0593 37.1645
48.1593 37.2231
48.2593 37.1861
48.3593 37.0845
48.4593 37.0563
48.5593 36.9587
48.6593 36.9077
48.7593 36.8518
48.8593 36.7569
48.9593 36.7433
49.1593 36.7047
49.2593 36.7122
49.3593 36.6426
49.4593 36.5778
49.5593 36.536
49.7593 36.4427
49.9593 36.5141
50.1593 36.5165
50.2593 36.5807
50.3593 36.4948
50.4593 36.5195
50.6593 36.439
50.7593 36.4311
50.8593 36.3887
50.9593 36.4557
51.1593 36.3393
51.4593 36.2695
51.5593 36.2066
51.7593 36.1488
51.8593 36.1769
51.9593 36.2595
52.0593 36.16
52.4593 36.1282
52.6593 36.1046
52.7593 36.0999
52.8593 36.063
52.9593 36.0612
53.1593 36.0286
53.2593 35.9852
53.3593 35.9487
53.4593 35.9624
53.5593 35.9756
53.6593 35.9751
53.7593 35.9573
53.8593 35.9928
53.9593 35.9417
54.0593 36.0052
54.1593 35.985
54.2593 35.9739
54.3593 35.921
54.4593 35.9054
54.7593 35.9382
54.8593 35.948
54.9593 35.8661
55.1593 35.769
55.2593 35.8031
55.5593 35.8148
55.6593 35.8108
55.7593 35.7411
55.8593 35.7132
55.9593 35.7679
56.0593 35.8208
56.1593 35.7733
56.2593 35.8255
56.4593 35.8412
56.6593 35.7863
56.9593 35.7874
57.1593 35.735
57.2593 35.7204
57.3593 35.6367
57.5593 35.5651
57.6593 35.5267
57.7593 35.5602
57.9593 35.6052
58.0593 35.6439
58.1593 35.6244
58.3593 35.5434
58.4593 35.5105
58.5593 35.4107
58.7593 35.4388
58.8593 35.3686
59.1593 35.3333
59.2593 35.2474
59.4593 35.1611
59.5593 35.0743
59.8593 35.0913
59.9593 35.0812
60.0593 35.0991
60.1593 35.1224
60.2593 35.0445
60.4593 34.9888
60.5593 35.0229
60.7593 34.9631
60.8593 34.9335
61.0593 34.9749
61.1593 34.975
61.3593 35.0592
61.7593 35.0445
61.8593 35.0688
62.2593 35.0684
62.3593 35.0612
62.4593 35.0918
62.5593 35.0073
62.6593 34.9365
62.9593 34.8824
63.1593 34.8912
63.2593 34.946
63.3593 34.8619
63.6593 34.7871
63.7593 34.8039
63.8593 34.7553
63.9593 34.8112
64.0593 34.7797
64.1593 34.698
64.8593 34.6882
64.9593 34.6931
65.3593 34.665
65.4593 34.6883
65.7593 34.6824
65.8593 34.6796
65.9593 34.6437
66.2593 34.6454
66.3593 34.6403
66.4593 34.5934
66.5593 34.5942
66.9593 34.6332
67.1593 34.5767
67.2593 34.5485
67.5593 34.524
67.6593 34.487
67.7593 34.425
67.8593 34.3405
67.9593 34.3272
68.0593 34.2568
68.1593 34.2398
68.4593 34.2505
68.6593 34.2482
68.7593 34.2738
68.8593 34.1977
68.9593 34.1496
69.0593 34.1383
69.1593 34.1647
69.2593 34.1782
69.7593 34.132
69.8593 34.1529
70.1593 34.0822
70.4593 34.0381
70.5593 33.9628
70.8593 34.0531
71.2593 34.0834
71.4593 34.0698
71.9593 33.9966
72.0593 33.9786
72.4593 33.9556
72.7593 33.9454
73.0593 33.8948
73.3593 33.856
73.6593 33.8431
73.8593 33.8291
73.9593 33.8217
74.0593 33.8014
74.6593 33.8095
74.7593 33.8508
74.8593 33.7831
75.2593 33.722
75.3593 33.7644
75.4593 33.7725
75.5593 33.7241
75.6593 33.661
75.7593 33.6244
76.0593 33.6997
76.1593 33.6614
76.2593 33.6818
76.3593 33.6155
76.4593 33.5473
76.5593 33.5079
76.9593 33.4397
77.0593 33.4333
77.1593 33.5098
77.2593 33.5167
78.0593 33.4558
78.1593 33.5005
78.5593 33.436
78.7593 33.4315
78.8593 33.4004
79.0593 33.4353
79.1593 33.3923
79.2593 33.3796
79.5593 33.3233
79.8593 33.3389
79.9593 33.3168
80.1593 33.2784
80.2593 33.2541
80.4593 33.2826
80.5593 33.3379
80.6593 33.2704
80.7593 33.2455
81.2593 33.2229
81.4593 33.2168
81.5593 33.1976
81.6593 33.1882
82.2593 33.1464
82.4593 33.1471
82.6593 33.1918
82.8593 33.1508
83.1593 33.0896
83.2593 33.0727
83.6593 33.0353
83.9593 32.9943
84.1593 33.0326
84.2593 33.0053
84.4593 32.9756
84.6593 32.9945
84.7593 32.933
85.0593 32.8773
85.3593 32.8984
85.4593 32.8652
85.6593 32.8527
86.4593 32.808
86.5593 32.8255
86.6593 32.7728
86.7593 32.7516
86.8593 32.8057
86.9593 32.7669
87.1593 32.7664
87.2593 32.7167
87.3593 32.7101
87.8593 32.6767
88.0593 32.6662
88.2593 32.6183
88.4593 32.5623
88.5593 32.5077
88.9593 32.4677
89.2593 32.4485
89.4593 32.4647
90.8593 32.4608
90.9593 32.4354
91.3593 32.4151
91.4593 32.3832
91.5593 32.3773
92.1593 32.346
92.3593 32.3538
92.4593 32.3572
92.7593 32.3302
93.1593 32.368
93.2593 32.3365
94.4593 32.2926
94.6593 32.276
94.8593 32.2436
95.0593 32.2017
95.2593 32.152
95.4593 32.1481
95.5593 32.1286
95.8593 32.1417
96.1593 32.1538
96.2593 32.1577
96.4593 32.1315
96.5593 32.1394
97.3593 32.1444
97.7593 32.1513
97.9593 32.219
98.1593 32.1725
98.2593 32.1825
98.7593 32.1654
99.1593 32.1731
99.4593 32.192
