0.0593132 59.0588
0.159313 59.0157
0.259313 58.7826
0.265217 58.0678
0.359313 58.0749
0.459313 57.9097
0.559313 57.9604
0.564738 57.9081
0.565124 57.9064
0.565577 57.7615
0.565909 57.6938
0.566384 57.7331
0.566779 57.7995
0.659313 57.8026
0.759313 57.5642
0.859313 57.5536
0.959313 57.5307
1.05931 57.5164
1.15931 57.4391
1.25931 57.4345
1.35931 57.4327
1.45931 57.4008
1.55931 57.1281
1.65931 57.0702
1.75931 57.1197
1.85931 57.1056
1.95931 57.1664
2.05931 57.0888
2.15931 57.0921
2.25931 57.047
2.35931 56.9968
2.45931 57.0137
2.55931 57.041
2.65931 57.0464
2.75931 57.0159
2.85931 57.0472
2.95931 56.9683
3.05931 56.9678
3.15931 56.8852
3.25931 56.8654
3.35931 56.8031
3.45931 56.8663
3.55931 56.8223
3.65931 56.9203
3.75931 56.8051
3.85931 56.7387
3.95931 56.6023
4.05931 56.663
4.15931 56.6587
4.25931 56.7255
4.35931 56.5149
4.45931 56.4968
4.55931 56.2434
4.65931 56.3439
4.75931 56.3447
4.85931 56.2594
4.95931 56.3615
5.05931 56.4197
5.15931 56.4612
5.25931 56.4988
5.35931 56.6096
5.45931 56.5439
5.55931 56.539
5.65931 56.4053
5.75931 56.4896
5.85931 56.5052
5.95931 56.5089
6.05931 56.5576
6.15931 56.6493
6.25931 56.7331
6.35931 56.7014
6.45931 56.6675
6.55931 56.7104
6.65931 56.7744
6.75931 56.7418
6.85931 56.7915
6.95931 56.8288
7.05931 56.8976
7.15931 56.8555
7.25931 56.859
7.35931 56.7791
7.45931 56.5814
7.55931 56.528
7.65931 56.3635
7.75931 56.4185
7.85931 56.1475
7.95931 56.2122
8.05931 56.2537
8.15931 56.2097
8.25931 56.2357
8.35931 56.3027
8.45931 56.251
8.55931 56.3513
8.65931 56.4271
8.75931 56.4362
8.85931 56.4438
8.95931 56.4531
9.05931 56.5371
9.15931 56.5447
9.25931 56.6637
9.35931 56.427
9.45931 56.5359
9.55931 56.6265
9.65931 56.7207
9.75931 56.6926
9.85931 56.7211
9.95931 56.7404
10.0593 56.8348
10.1593 56.8955
10.2593 56.9599
10.3593 56.7004
10.4593 56.7881
10.5593 56.8204
10.6593 56.8523
10.7593 56.8819
10.8593 56.8228
10.9593 56.8666
11.0593 56.8091
11.1593 56.7133
11.2593 56.8106
11.3593 56.8347
11.4593 56.9147
11.5593 57.0039
11.6593 56.9768
11.7593 57.0271
11.8593 57.1377
11.9593 57.0363
12.0593 57.1756
12.1593 57.2571
12.2593 57.1804
12.3593 57.2266
12.4593 57.3003
12.5593 57.2059
12.6593 57.1837
12.7593 57.2288
12.8593 57.0647
12.9593 57.0843
13.0593 57.069
13.1593 57.0735
13.2593 57.1473
13.3593 57.2518
13.4593 57.2727
13.5593 57.3883
13.6593 57.4953
13.7593 57.6487
13.8593 57.7357
13.9593 57.7197
14.0593 57.8427
14.1593 57.8169
14.2593 57.8285
14.3593 57.7523
14.4593 57.77
14.5593 57.8706
14.6593 57.9916
14.7593 58.0443
14.8593 58.09
14.9593 58.0327
15.0593 58.115
15.1593 58.1468
15.2593 58.0615
15.3593 57.8634
15.4593 57.8543
15.5593 58.0169
15.6593 57.8401
15.7593 57.8386
15.8593 57.9126
15.9593 57.8724
16.0593 58.0015
16.1593 58.027
16.2593 58.1556
16.3593 58.2126
16.4593 58.3296
16.5593 58.3675
16.6593 58.3835
16.7593 58.4141
16.8593 58.5691
16.9593 58.5649
17.0593 58.5858
17.1593 58.7414
17.2593 58.8148
17.3593 58.884
17.4593 58.9327
17.5593 59.0314
17.6593 59.0779
17.7593 59.0786
17.8593 59.1403
17.9593 59.0642
18.0593 58.9165
18.1593 58.9179
18.2593 59.0435
18.3593 59.0206
18.4593 59.0259
18.5593 59.152
18.6593 59.1949
18.7593 59.2206
18.8593 59.2638
18.9593 59.3205
19.0593 59.4682
19.1593 59.4267
19.2593 59.4427
19.3593 59.465
19.4593 59.4868
19.5593 59.5517
19.6593 59.566
19.7593 59.5899
19.8593 59.5692
19.9593 59.4847
20.0593 59.5704
20.1593 59.5482
20.2593 59.5693
20.3593 59.6972
20.4593 59.7476
20.5593 59.7062
20.6593 59.8192
20.7593 59.8718
20.8593 60.0231
20.9593 60.0444
21.0593 60.1789
21.1593 60.1996
21.2593 60.0577
21.3593 60.0624
21.4593 60.0613
21.5593 60.1721
21.6593 60.1545
21.7593 60.1273
21.8593 60.1299
21.9593 60.1841
22.0593 60.2403
22.1593 60.3551
22.2593 60.5057
22.3593 60.573
22.4593 60.5447
22.5593 60.2627
22.6593 60.2844
22.7593 60.1328
22.8593 60.2338
22.9593 60.2374
23.0593 60.2394
23.1593 60.2247
23.2593 60.2736
23.3593 60.305
23.4593 60.2619
23.5593 60.2008
23.6593 60.2857
23.7593 60.3163
23.8593 60.3448
23.9593 60.4722
24.0593 60.54
24.1593 60.5313
24.2593 60.3338
24.3593 60.4608
24.4593 60.4403
24.5593 60.5004
24.6593 60.5872
24.7593 60.5262
24.8593 60.5778
24.9593 60.5025
25.0593 60.4945
25.1593 60.354
25.2593 60.4132
25.3593 60.3983
25.4593 60.3528
25.5593 60.3778
25.6593 60.4135
25.7593 60.1083
25.8593 60.1529
25.9593 60.1489
26.0593 60.1265
26.1593 59.9912
26.2593 59.9575
26.3593 60.0055
26.4593 59.9196
26.5593 59.8918
26.6593 59.9367
26.7593 59.9827
26.8593 59.9952
26.9593 59.8527
27.0593 59.6485
27.1593 59.6854
27.2593 59.77
27.3593 59.8102
27.4593 59.8849
27.5593 59.6807
27.6593 59.6842
27.7593 59.622
27.8593 59.4997
27.9593 59.4436
28.0593 59.4954
28.1593 59.5132
28.2593 59.5699
28.3593 59.6845
28.4593 59.6848
28.5593 59.7149
28.6593 59.7849
28.7593 59.5939
28.8593 59.5006
28.9593 59.5886
29.0593 59.6605
29.1593 59.5973
29.2593 59.6348
29.3593 59.668
29.4593 59.6572
29.5593 59.6895
29.6593 59.8043
29.7593 59.8014
29.8593 59.6614
29.9593 59.5863
30.0593 59.5097
30.1593 59.5399
30.2593 59.467
30.3593 59.3622
30.4593 59.3171
30.5593 59.4203
30.6593 59.3833
30.7593 59.3286
30.8593 59.3518
30.9593 59.3673
31.0593 59.35
31.1593 59.3316
31.2593 59.4214
31.3593 59.3515
31.4593 59.4428
31.5593 59.4769
31.6593 59.5182
31.7593 59.2052
31.8593 59.2032
31.9593 59.2077
32.0593 59.1697
32.1593 59.2172
32.2593 59.0792
32.3593 59.0753
32.4593 59.0257
32.5593 59.0187
32.6593 58.9356
32.7593 58.9223
32.8593 58.694
32.9593 58.8244
33.0593 58.8012
33.1593 58.7131
33.2593 58.7243
33.3593 58.5931
33.4593 58.4224
33.5593 58.3942
33.6593 58.3657
33.7593 58.354
33.8593 58.2899
33.9593 58.2697
34.0593 58.0936
34.1593 58.0589
34.2593 57.9652
34.3593 57.9453
34.4593 57.9635
34.5593 58.0102
34.6593 58.0198
34.7593 58.0847
34.8593 58.1437
34.9593 58.1699
35.0593 58.0664
35.1593 57.9818
35.2593 58.0366
35.3593 57.9538
35.4593 58.0428
35.5593 57.9775
35.6593 58.0549
35.7593 57.9738
35.8593 58.0231
35.9593 58.1055
36.0593 58.0735
36.1593 58.0181
36.2593 57.8209
36.3593 57.7198
36.4593 57.726
36.5593 57.5515
36.6593 57.4755
36.7593 57.4888
36.8593 57.5443
36.9593 57.4547
37.0593 57.2755
37.1593 57.2522
37.2593 57.1385
37.3593 57.1561
37.4593 57.0396
37.5593 57.1103
37.6593 57.1652
37.7593 57.2217
37.8593 57.1646
37.9593 57.1892
38.0593 57.1019
38.1593 57.0982
38.2593 57.1639
38.3593 57.1806
38.4593 57.2084
38.5593 57.2469
38.6593 57.279
38.7593 57.2798
38.9593 57.2614
39.0593 57.1833
39.1593 57.1702
39.2593 57.1294
39.3593 57.124
39.4593 57.1724
39.5593 57.1913
39.6593 57.2366
39.7593 57.2026
39.8593 57.1406
39.9593 57.0934
40.0593 56.8605
40.1593 56.7234
40.2593 56.4916
40.3593 56.4324
40.4593 56.4318
40.5593 56.3679
40.6593 56.2781
40.7593 56.3495
40.8593 56.3675
40.9593 56.4219
41.0593 56.2901
41.1593 56.2605
41.2593 56.3223
41.3593 56.25
41.4593 56.2454
41.5593 56.1287
41.6593 56.0871
41.7593 55.9904
41.8593 55.9743
41.9593 56.0393
42.0593 56.003
42.1593 55.9444
42.2593 55.6665
42.3593 55.7286
42.4593 55.8158
42.5593 55.7244
42.6593 55.724
42.7593 55.7045
42.8593 55.6228
42.9593 55.6435
43.0593 55.6205
43.1593 55.7124
43.2593 55.6659
43.3593 55.5756
43.4593 55.4529
43.5593 55.3551
43.6593 55.3272
43.7593 55.2212
43.8593 55.1783
43.9593 55.1463
44.0593 54.8594
44.1593 54.8852
44.2593 54.8559
44.3593 54.7165
44.4593 54.8017
44.5593 54.8559
44.6593 54.8878
44.7593 54.9048
44.8593 54.9242
44.9593 54.631
45.0593 54.5188
45.1593 54.4832
45.2593 54.4986
45.3593 54.5077
45.4593 54.5443
45.5593 54.5471
45.6593 54.4271
45.7593 54.3899
45.8593 54.4229
45.9593 54.2977
46.0593 54.1622
46.1593 54.0869
46.2593 54.1409
46.3593 54.0177
46.4593 53.8137
46.5593 53.9018
46.6593 53.7247
46.7593 53.6103
46.8593 53.6924
46.9593 53.7594
47.0593 53.8322
47.1593 53.7774
47.2593 53.7591
47.3593 53.591
47.4593 53.5325
47.5593 53.3557
47.6593 53.2858
47.7593 53.1935
47.8593 53.2352
47.9593 53.3313
48.0593 53.3355
48.1593 53.2239
48.2593 53.1122
48.3593 53.012
48.4593 52.9906
48.5593 52.9345
48.6593 53.0374
48.7593 53.1479
48.8593 53.1723
48.9593 53.0435
49.0593 53.065
49.1593 53.0256
49.2593 52.8039
49.3593 52.7877
49.4593 52.7914
49.5593 52.6992
49.6593 52.5737
49.7593 52.6135
49.8593 52.4861
49.9593 52.5267
50.0593 52.4951
50.1593 52.5197
50.2593 52.5692
50.3593 52.5494
50.4593 52.5625
50.5593 52.5394
50.6593 52.3741
50.7593 52.3956
50.8593 52.3738
50.9593 52.4769
51.0593 52.3865
51.1593 52.1328
51.2593 52.1093
51.3593 52.1298
51.4593 52.09
51.5593 52.0879
51.6593 52.1238
51.7593 52.1572
51.8593 52.0795
51.9593 52.0038
52.0593 51.977
52.1593 51.9315
52.2593 51.8664
52.3593 51.9178
52.4593 51.821
52.5593 51.7941
52.6593 51.6158
52.7593 51.6514
52.8593 51.6208
52.9593 51.6668
53.0593 51.6934
53.1593 51.7016
53.2593 51.7373
53.3593 51.5066
53.4593 51.5916
53.5593 51.5989
53.6593 51.6884
53.7593 51.4738
53.8593 51.4559
53.9593 51.4359
54.0593 51.4061
54.1593 51.4444
54.2593 51.5303
54.3593 51.5858
54.4593 51.6046
54.5593 51.5868
54.6593 51.461
54.7593 51.5473
54.8593 51.6573
54.9593 51.657
55.0593 51.6155
55.1593 51.4084
55.2593 51.3321
55.3593 51.1248
55.4593 50.9741
55.5593 51.0156
55.6593 50.8831
55.7593 50.8052
55.8593 50.7385
55.9593 50.799
56.0593 50.8544
56.1593 50.8258
56.2593 50.884
56.3593 50.8441
56.4593 50.8443
56.5593 50.9152
56.6593 50.7208
56.7593 50.6906
56.8593 50.667
56.9593 50.4662
57.0593 50.5748
57.1593 50.3731
57.2593 50.2345
57.3593 50.2184
57.4593 50.2175
57.5593 50.2406
57.6593 50.2281
57.7593 50.1961
57.8593 50.1243
57.9593 50.1542
58.0593 50.2016
58.1593 50.2349
58.2593 50.208
58.3593 50.1774
58.4593 50.2571
58.5593 50.2891
58.6593 50.3563
58.7593 50.375
58.8593 50.3576
58.9593 50.4201
59.0593 50.3501
59.1593 50.3602
59.2593 50.3585
59.3593 50.2765
59.4593 50.3555
59.5593 50.4069
59.6593 50.3865
59.7593 50.2993
59.8593 50.3557
59.9593 50.2561
60.0593 50.3131
60.1593 50.3759
60.2593 50.3906
60.3593 50.3521
60.4593 50.396
60.5593 50.3539
60.6593 50.2368
60.7593 50.1541
60.8593 50.1677
60.9593 50.1553
61.0593 50.1894
61.1593 50.0328
61.2593 49.9526
61.3593 49.9756
61.4593 49.9559
61.5593 49.9285
61.6593 50.0081
61.7593 50.0497
61.8593 50.0951
61.9593 50.0582
62.0593 50.0001
62.1593 50.063
62.2593 49.8772
62.3593 49.9249
62.4593 49.8643
62.5593 49.9612
62.6593 49.7903
62.7593 49.7369
62.8593 49.8175
62.9593 49.894
63.0593 49.8528
63.1593 49.6403
63.2593 49.6588
63.3593 49.6823
63.4593 49.5433
63.5593 49.4499
63.6593 49.5453
63.7593 49.5601
63.8593 49.4504
63.9593 49.3717
64.0593 49.3301
64.1593 49.3371
64.2593 49.3327
64.3593 49.3394
64.4593 49.3958
64.5593 49.3727
64.6593 49.4217
64.7593 49.461
64.8593 49.3685
64.9593 49.4728
65.0593 49.3848
65.1593 49.4429
65.2593 49.4542
65.3593 49.4453
65.4593 49.3438
65.5593 49.4304
65.6593 49.2609
65.7593 49.2162
65.8593 49.2924
65.9593 49.3439
66.0593 49.3005
66.1593 49.2305
66.2593 49.3211
66.3593 49.3536
66.4593 49.2435
66.5593 49.2642
66.6593 49.272
66.7593 49.2863
66.8593 49.2528
66.9593 49.252
67.0593 49.2367
67.1593 49.2623
67.2593 49.2684
67.3593 49.1869
67.4593 49.1686
67.5593 49.2541
67.6593 49.2285
67.7593 49.1155
67.9593 49.0291
68.0593 48.8151
68.1593 48.6589
68.2593 48.542
68.3593 48.5384
68.4593 48.6012
68.5593 48.596
68.6593 48.6565
68.7593 48.6605
68.8593 48.6428
68.9593 48.645
69.0593 48.5655
69.1593 48.5617
69.2593 48.5941
69.3593 48.5496
69.4593 48.4728
69.5593 48.4676
69.6593 48.3893
69.7593 48.3557
69.8593 48.4286
69.9593 48.5439
70.0593 48.4029
70.1593 48.4787
70.2593 48.5067
70.3593 48.4521
70.4593 48.2552
70.5593 48.2513
70.6593 48.3076
70.7593 48.414
70.9593 48.3571
71.0593 48.3027
71.1593 48.344
71.2593 48.3119
71.3593 48.328
71.4593 48.2824
71.5593 48.2893
71.6593 48.3871
71.8593 48.4384
71.9593 48.3026
72.0593 48.3888
72.1593 48.4764
72.2593 48.4505
72.3593 48.313
72.4593 48.2611
72.5593 48.2207
72.6593 48.3
72.7593 48.1271
72.8593 48.1694
72.9593 48.0958
73.0593 48.104
73.1593 48.1953
73.2593 47.9882
73.3593 48.0586
73.4593 48.0058
73.5593 47.8825
73.6593 47.7566
73.7593 47.7767
73.8593 47.7128
73.9593 47.8095
74.0593 47.9342
74.1593 47.7734
74.2593 47.6838
74.3593 47.6435
74.4593 47.6721
74.5593 47.7116
74.6593 47.6488
74.7593 47.6503
74.8593 47.587
74.9593 47.5645
75.0593 47.5491
75.1593 47.541
75.2593 47.5453
75.3593 47.6177
75.4593 47.5706
75.5593 47.6752
75.6593 47.7222
75.7593 47.7647
75.8593 47.636
75.9593 47.6045
76.0593 47.6126
76.1593 47.4629
76.2593 47.4893
76.3593 47.4141
76.4593 47.5306
76.5593 47.5005
76.6593 47.5617
76.7593 47.4814
76.8593 47.596
76.9593 47.4503
77.0593 47.2957
77.1593 47.3064
77.2593 47.1911
77.4593 47.1759
77.5593 47.1257
77.6593 47.1047
77.7593 47.1461
77.8593 47.1301
77.9593 47.053
78.0593 47.0126
78.1593 47.0803
78.2593 47.1656
78.3593 47.2049
78.4593 47.0751
78.5593 47.0335
78.6593 46.9664
78.7593 47.0159
78.8593 47.003
78.9593 46.978
79.0593 47.0439
79.1593 47.0439
79.3593 46.8587
79.4593 46.8998
79.5593 46.7033
79.6593 46.6232
79.7593 46.7208
79.8593 46.6268
79.9593 46.611
80.0593 46.7023
80.1593 46.7441
80.2593 46.6872
80.3593 46.7065
80.4593 46.7302
80.5593 46.7668
80.6593 46.7708
80.7593 46.7337
80.8593 46.7363
80.9593 46.6656
81.0593 46.6364
81.1593 46.7256
81.3593 46.7467
81.4593 46.8412
81.5593 46.8487
81.6593 46.8131
81.7593 46.8093
81.8593 46.7784
81.9593 46.844
82.0593 46.8642
82.1593 46.8216
82.2593 46.8432
82.3593 46.8567
82.4593 46.8881
82.5593 46.8135
82.6593 46.7393
82.7593 46.755
82.8593 46.8409
82.9593 46.8229
83.0593 46.7633
83.1593 46.8163
83.2593 46.8927
83.3593 46.7022
83.4593 46.7156
83.5593 46.8326
83.6593 46.8777
83.7593 46.8609
83.8593 46.8055
83.9593 46.7871
84.0593 46.7361
84.1593 46.7862
84.2593 46.89
84.4593 46.8075
84.5593 46.6355
84.6593 46.5608
84.7593 46.6578
84.8593 46.7151
84.9593 46.603
85.0593 46.5688
85.1593 46.6466
85.2593 46.5877
85.3593 46.5503
85.4593 46.4014
85.5593 46.3747
85.6593 46.4121
85.7593 46.4199
85.8593 46.2688
85.9593 46.3247
86.0593 46.4153
86.1593 46.3602
86.2593 46.2095
86.3593 46.1839
86.4593 46.3092
86.5593 46.3779
86.6593 46.3767
86.7593 46.192
86.8593 46.2062
86.9593 46.0954
87.0593 46.1161
87.1593 46.0777
87.2593 46.0706
87.3593 45.9988
87.4593 45.8303
87.5593 45.7492
87.6593 45.8291
87.7593 45.8281
87.8593 45.7994
87.9593 45.7608
88.0593 45.7508
88.1593 45.8469
88.2593 45.9347
88.3593 45.9561
88.4593 45.8924
88.5593 45.9348
88.6593 45.9655
88.7593 45.9637
88.9593 45.9679
89.0593 45.8566
89.1593 45.8581
89.2593 45.7372
89.3593 45.7406
89.4593 45.6173
89.5593 45.5438
89.6593 45.4672
89.7593 45.4475
89.8593 45.486
89.9593 45.5374
90.0593 45.5461
90.1593 45.3892
90.2593 45.3435
90.3593 45.364
90.4593 45.4191
90.5593 45.3148
90.6593 45.2201
90.7593 45.0999
90.8593 45.1834
90.9593 45.0422
91.0593 44.938
91.1593 44.8558
91.2593 44.7888
91.3593 44.7173
91.4593 44.665
91.5593 44.5909
91.6593 44.4714
91.7593 44.4424
91.8593 44.4691
91.9593 44.4983
92.0593 44.5466
92.1593 44.4213
92.3593 44.4131
92.5593 44.4866
92.6593 44.4582
92.7593 44.54
92.8593 44.5765
92.9593 44.5519
93.0593 44.6108
93.1593 44.6252
93.2593 44.6593
93.3593 44.7061
93.4593 44.7304
93.5593 44.8165
93.6593 44.7645
93.7593 44.83
93.8593 44.7554
93.9593 44.6981
94.0593 44.6441
94.1593 44.5161
94.2593 44.5599
94.3593 44.6468
94.4593 44.598
94.5593 44.6296
94.6593 44.6786
94.7593 44.734
94.8593 44.6918
94.9593 44.5346
95.0593 44.5542
95.1593 44.5974
95.2593 44.7004
95.3593 44.5792
95.4593 44.6825
95.5593 44.7104
95.6593 44.7945
95.7593 44.7632
95.8593 44.8581
95.9593 44.8182
96.0593 44.6897
96.2593 44.7498
96.3593 44.7894
96.4593 44.8658
96.5593 44.7949
96.6593 44.6859
96.7593 44.8032
96.8593 44.8592
96.9593 44.8754
97.0593 44.786
97.1593 44.6692
97.2593 44.6245
97.3593 44.6445
97.4593 44.6302
97.5593 44.6497
97.6593 44.7126
97.7593 44.7816
97.9593 44.8502
98.0593 44.8025
98.1593 44.7332
98.2593 44.7134
98.3593 44.8104
98.4593 44.7773
98.5593 44.7992
98.6593 44.8352
98.7593 44.8137
98.8593 44.748
98.9593 44.6936
99.0593 44.6611
99.1593 44.7152
99.2593 44.763
99.3593 44.7697
99.4593 44.71
99.5593 44.541
99.6593 44.5486
99.7593 44.5117
99.8593 44.599
99.9593 44.4452
