0.0715493 49.1038
0.171549 48.9906
0.26589 48.7874
0.266529 48.8278
0.271549 48.881
0.371549 48.8706
0.471549 48.7055
0.571549 48.6147
0.671549 48.5173
0.771549 48.5638
0.871549 48.6449
0.971549 48.5811
1.07155 48.5563
1.17155 48.5984
1.27155 48.5641
1.37155 48.5827
1.47155 48.5161
1.57155 48.5776
1.67155 48.5565
1.77155 48.4299
1.87155 48.378
1.97155 48.1843
2.07155 48.2014
2.17155 48.0967
2.27155 47.9576
2.37155 47.9256
2.47155 47.8674
2.57155 47.9042
2.67155 47.8941
2.77155 47.7335
2.87155 47.7255
2.97155 47.7922
3.07155 47.7573
3.17155 47.7391
3.27155 47.7394
3.37155 47.7464
3.47155 47.573
3.67155 47.4671
3.77155 47.5535
3.87155 47.507
3.97155 47.4657
4.17155 47.4845
4.27155 47.3468
4.37155 47.2883
4.47155 47.229
4.57155 47.2495
4.67155 47.1849
4.77155 47.0714
4.87155 47.1193
4.97155 47.1106
5.07155 46.9077
5.17155 46.83
5.27155 46.8553
5.37155 46.7609
5.47155 46.7538
5.57155 46.7676
5.67155 46.7451
5.77155 46.7477
5.87155 46.7742
5.97155 46.7748
6.07155 46.7467
6.17155 46.6615
6.27155 46.6717
6.47155 46.732
6.57155 46.7111
6.67155 46.7699
6.77155 46.7464
6.87155 46.7724
6.97155 46.6727
7.07155 46.6898
7.17155 46.7123
7.27155 46.6213
7.37155 46.6487
7.47155 46.5009
7.57155 46.5324
7.67155 46.4715
7.77155 46.4711
7.87155 46.5817
7.97155 46.5718
8.07155 46.5799
8.17155 46.6436
8.27155 46.6281
8.37155 46.6829
8.47155 46.7829
8.57155 46.891
8.67155 46.8215
8.77155 46.7615
8.87155 46.8663
8.97155 46.8177
9.07155 46.774
9.17155 46.8132
9.27155 46.9007
9.37155 46.8425
9.47155 46.8625
9.57155 46.8967
9.67155 46.7527
9.77155 46.7369
9.87155 46.7309
9.97155 46.7071
10.0715 46.559
10.1715 46.6194
10.2715 46.4581
10.3715 46.3459
10.4715 46.383
10.5715 46.456
10.6715 46.3641
10.7715 46.372
10.8715 46.3973
10.9715 46.2944
11.0715 46.3083
11.1715 46.1661
11.2715 46.0347
11.3715 46.0536
11.4715 46.1006
11.5715 46.0607
11.6715 46.1657
11.7715 46.1911
11.8715 46.3259
11.9715 46.3514
12.0715 46.3411
12.1715 46.2985
12.2715 46.2775
12.3715 46.2866
12.4715 46.1598
12.5715 46.026
12.6715 46.037
12.7715 46.0524
12.8715 46.1103
12.9715 46.2353
13.0715 46.0567
13.1715 46.1227
13.2715 46.0876
13.3715 46.1293
13.4715 46.2264
13.5715 46.2173
13.6715 46.2127
13.7715 46.1978
13.8715 46.2986
13.9715 46.341
14.0715 46.2836
14.1715 46.3688
14.2715 46.4605
14.3715 46.357
14.4715 46.3965
14.5715 46.3557
14.6715 46.4067
14.7715 46.4217
14.9715 46.4665
15.0715 46.5042
15.1715 46.4837
15.2715 46.3386
15.3715 46.2476
15.4715 46.2726
15.5715 46.3923
15.6715 46.4394
15.8715 46.5554
15.9715 46.5244
16.0715 46.5334
16.1715 46.6374
16.2715 46.6692
16.3715 46.5754
16.4715 46.5373
16.5715 46.5564
16.6715 46.4676
16.8715 46.3491
16.9715 46.403
17.0715 46.4053
17.1715 46.5028
17.2715 46.5477
17.3715 46.6451
17.4715 46.6291
17.5715 46.701
17.6715 46.7851
17.7715 46.8007
17.8715 46.8159
17.9715 46.7743
18.0715 46.6589
18.1715 46.681
18.2715 46.7094
18.3715 46.6187
18.4715 46.6006
18.5715 46.5992
18.6715 46.5283
18.7715 46.5823
19.0715 46.5488
19.1715 46.5205
19.2715 46.6143
19.3715 46.6455
19.4715 46.6279
19.5715 46.7039
19.6715 46.8389
19.7715 46.8824
19.8715 46.996
19.9715 46.8634
20.0715 46.7702
20.1715 46.6985
20.2715 46.7292
20.3715 46.5705
20.4715 46.641
20.5715 46.5763
20.6715 46.4589
20.7715 46.3485
20.8715 46.3171
20.9715 46.3413
21.0715 46.171
21.1715 46.1766
21.2715 46.1686
21.3715 46.1737
21.4715 46.0468
21.5715 46.1177
21.6715 46.1257
21.7715 45.9413
21.8715 45.9923
21.9715 46.1264
22.0715 45.941
22.1715 45.9774
22.3715 45.9823
22.4715 45.8751
22.5715 45.8538
22.6715 45.9581
22.7715 46.0429
22.8715 45.9979
22.9715 45.9985
23.0715 46.122
23.1715 46.1312
23.2715 46.288
23.3715 46.3178
23.4715 46.2909
23.5715 46.2695
23.6715 46.2065
23.8715 46.0962
23.9715 46.2383
24.0715 46.2801
24.1715 46.2577
24.3715 46.361
24.4715 46.3568
24.5715 46.5202
24.6715 46.6053
24.7715 46.563
24.8715 46.5458
24.9715 46.6286
25.0715 46.6428
25.1715 46.5458
25.2715 46.4288
25.3715 46.4748
25.4715 46.3912
25.5715 46.4029
25.6715 46.434
25.7715 46.4492
25.8715 46.5226
25.9715 46.6367
26.0715 46.6915
26.1715 46.6033
26.2715 46.6162
26.3715 46.6469
26.4715 46.5198
26.5715 46.4837
26.6715 46.4256
26.7715 46.5056
26.8715 46.5378
26.9715 46.5268
27.0715 46.4755
27.1715 46.5078
27.2715 46.5266
27.3715 46.6424
27.4715 46.7147
27.5715 46.6637
27.6715 46.6697
27.7715 46.6563
27.8715 46.7992
27.9715 46.9083
28.0715 46.8593
28.1715 46.8533
28.2715 46.8578
28.3715 46.9358
28.4715 47.0231
28.5715 47.1076
28.6715 47.2122
28.7715 47.2328
28.8715 47.2634
28.9715 47.2739
29.0715 47.2721
29.1715 47.3782
29.2715 47.3721
29.3715 47.4839
29.4715 47.3824
29.5715 47.3853
29.6715 47.3752
29.7715 47.4038
29.8715 47.4983
29.9715 47.5802
30.0715 47.4223
30.1715 47.4495
30.2715 47.3836
30.3715 47.3137
30.4715 47.387
30.5715 47.462
30.6715 47.5555
30.7715 47.4949
30.8715 47.4948
30.9715 47.5976
31.0715 47.653
31.1715 47.6456
31.2715 47.721
31.3715 47.7964
31.4715 47.8281
31.5715 47.8652
31.6715 47.9126
31.7715 47.9843
31.8715 48.0117
31.9715 47.9687
32.0715 47.9594
32.1715 48.0342
32.2715 48.1581
32.3715 48.2035
32.4715 48.2701
32.5715 48.3008
32.6715 48.4285
32.7715 48.4049
32.8715 48.4125
32.9715 48.4552
33.0715 48.5035
33.1715 48.5814
33.2715 48.523
33.3715 48.5429
33.4715 48.6754
33.5715 48.6409
33.6715 48.6707
33.7715 48.7192
33.8715 48.7292
33.9715 48.7487
34.0715 48.5064
34.1715 48.5973
34.2715 48.6801
34.3715 48.7451
34.5715 48.5962
34.6715 48.5277
34.7715 48.5069
34.8715 48.4163
34.9715 48.4753
35.0715 48.5595
35.1715 48.6618
35.2715 48.7295
35.3715 48.7277
35.4715 48.8347
35.5715 48.6123
35.6715 48.6547
35.7715 48.6319
35.8715 48.7183
35.9715 48.7446
36.0715 48.7607
36.1715 48.7806
36.2715 48.6114
36.3715 48.6564
36.4715 48.5703
36.5715 48.7321
36.6715 48.7821
36.7715 48.918
36.8715 48.8995
36.9715 48.8948
37.0715 48.9055
37.1715 48.8126
37.2715 48.849
37.3715 48.6581
37.4715 48.6424
37.5715 48.6406
37.6715 48.7052
37.7715 48.7288
37.8715 48.5207
37.9715 48.6199
38.0715 48.6378
38.1715 48.8001
38.2715 48.7838
38.3715 48.8649
38.4715 48.8881
38.5715 48.9658
38.6715 49.0764
38.7715 49.0614
38.8715 49.1104
38.9715 48.9056
39.0715 49.0422
39.1715 49.1098
39.2715 49.2085
39.3715 49.0554
39.4715 48.92
39.5715 48.8731
39.6715 48.9296
39.7715 49.1056
39.8715 49.0849
39.9715 49.0508
40.0715 48.9686
40.2715 48.9927
40.3715 48.986
40.4715 48.9332
40.5715 48.9927
40.6715 49.0095
40.7715 49.0337
40.8715 48.9643
40.9715 49.048
41.0715 49.1432
41.1715 49.2904
41.2715 49.3039
41.3715 49.3335
41.4715 49.3776
41.5715 49.477
41.6715 49.5287
41.7715 49.3353
41.8715 49.5009
41.9715 49.369
42.0715 49.5126
42.1715 49.3313
42.2715 49.2813
42.3715 49.4023
42.4715 49.5054
42.5715 49.5741
42.6715 49.6701
42.7715 49.6926
42.8715 49.7744
42.9715 49.8697
43.0715 49.7147
43.1715 49.8221
43.2715 49.7078
43.3715 49.7102
43.4715 49.7362
43.5715 49.8335
43.6715 49.8258
43.7715 49.91
43.8715 50.0085
43.9715 50.035
44.0715 50.035
44.1715 50.0944
44.2715 50.1114
44.3715 50.1947
44.4715 50.2476
44.5715 50.3933
44.6715 50.4647
44.7715 50.6021
44.8715 50.6894
44.9715 50.6579
45.0715 50.4854
45.1715 50.5281
45.2715 50.5366
45.3715 50.489
45.4715 50.6358
45.5715 50.6998
45.6715 50.7911
45.7715 50.7549
45.8715 50.8815
45.9715 51.0024
46.0715 51.0734
46.1715 51.0545
46.2715 50.9855
46.3715 50.8483
46.4715 50.8504
46.5715 50.9408
46.6715 51.0799
46.7715 51.1018
46.8715 51.1721
46.9715 51.2894
47.0715 51.2203
47.1715 51.2115
47.2715 51.2917
47.3715 51.397
47.4715 51.5227
47.5715 51.5656
47.6715 51.5594
47.7715 51.5893
47.8715 51.6609
47.9715 51.7306
48.0715 51.7945
48.1715 51.7916
48.2715 51.7254
48.3715 51.5975
48.4715 51.7411
48.5715 51.7866
48.6715 51.7945
48.7715 51.8041
48.8715 51.633
48.9715 51.488
49.0715 51.5992
49.1715 51.7351
49.2715 51.7881
49.3715 51.6477
49.4715 51.7125
49.5715 51.797
49.6715 51.9582
49.7715 52.0112
49.8715 52.1373
49.9715 52.1634
50.0715 52.3239
50.1715 52.361
50.2715 52.4832
50.3715 52.5203
50.4715 52.4784
50.5715 52.5884
50.6715 52.6939
50.7715 52.7979
50.8715 52.8993
50.9715 53.0212
51.0715 53.0894
51.1715 53.1308
51.2715 53.0965
51.3715 53.1472
51.4715 53.1428
51.5715 53.1194
51.6715 53.2051
51.7715 53.2804
51.8715 53.3302
51.9715 53.5155
52.0715 53.608
52.1715 53.5092
52.2715 53.5814
52.3715 53.7004
52.4715 53.827
52.5715 53.8853
52.6715 53.9769
52.7715 53.9801
52.8715 54.0846
52.9715 54.0276
53.0715 54.0232
53.1715 54.0961
53.2715 54.1555
53.3715 54.1409
53.5715 54.1968
53.6715 54.284
53.7715 54.3167
53.8715 54.4502
53.9715 54.5359
54.0715 54.4657
54.1715 54.5264
54.2715 54.4917
54.3715 54.5329
54.4715 54.5476
54.5715 54.5567
54.6715 54.4961
54.7715 54.4775
54.8715 54.5712
54.9715 54.4178
55.0715 54.5159
55.1715 54.4883
55.2715 54.581
55.3715 54.7352
55.4715 54.6507
55.5715 54.5637
55.6715 54.6429
55.7715 54.7468
55.8715 54.7845
55.9715 54.7763
56.0715 54.7805
56.1715 54.7205
56.2715 54.8353
56.3715 54.9307
56.4715 54.8958
56.5715 54.8838
56.6715 54.9179
56.7715 54.9408
56.8715 54.8468
56.9715 54.9482
57.0715 55.0522
57.1715 55.1694
57.2715 54.9125
57.3715 54.9763
57.4715 54.9863
57.5715 55.1054
57.6715 55.201
57.7715 55.1498
57.8715 55.304
57.9715 55.3564
58.0715 55.4016
58.1715 55.3555
58.2715 55.3568
58.3715 55.4497
58.4715 55.3399
58.5715 55.3552
58.6715 55.2975
58.7715 55.1776
58.8715 55.3083
58.9715 55.4198
59.0715 55.4183
59.1715 55.208
59.2715 55.042
59.3715 55.1336
59.4715 55.2894
59.5715 55.3377
59.6715 55.5155
59.7715 55.4666
59.8715 55.6248
59.9715 55.5461
60.0715 55.5986
60.1715 55.7155
60.2715 55.7502
60.3715 55.8361
60.4715 55.8083
60.5715 55.8558
60.6715 55.9005
60.7715 55.9005
60.8715 55.8661
60.9715 56.0151
61.0715 55.9219
61.1715 55.9002
61.2715 56.0249
61.3715 56.1496
61.4715 56.1206
61.5715 55.987
61.6715 55.9731
61.7715 55.9036
61.8715 55.8443
61.9715 55.8442
62.0715 55.9234
62.1715 55.8625
62.2715 55.98
62.3715 56.1015
62.4715 56.1506
62.5715 56.2968
62.6715 56.3903
62.7715 56.3964
62.8715 56.4107
62.9715 56.4127
63.0715 56.4837
63.1715 56.6302
63.2715 56.7512
63.3715 56.6164
63.4715 56.7496
63.5715 56.5443
63.6715 56.439
63.7715 56.406
63.8715 56.3849
63.9715 56.4536
64.0715 56.5559
64.1715 56.506
64.2715 56.7184
64.3715 56.6665
64.4715 56.6368
64.5715 56.6013
64.6715 56.6208
64.7715 56.6766
64.8715 56.7501
64.9715 56.8499
65.0715 56.9529
65.1715 57.057
65.2715 57.0864
65.3715 57.0581
65.4715 57.1487
65.5715 57.2498
65.6715 57.3086
65.7715 57.3712
65.8715 57.3845
65.9715 57.3485
66.0715 57.3532
66.1715 57.1885
66.2715 57.2933
66.3715 57.1534
66.4715 57.2319
66.5715 57.2407
66.6715 57.2787
66.7715 56.9295
66.8715 57.0567
66.9715 57.2405
67.0715 57.1451
67.1715 57.1485
67.2715 57.167
67.3715 57.3473
67.4715 57.3531
67.5715 57.3595
67.6715 57.3067
67.7715 57.3858
67.8715 57.4505
67.9715 57.5731
68.0715 57.6395
68.1715 57.4827
68.2715 57.5448
68.3715 57.6065
68.4715 57.684
68.5715 57.8551
68.6715 57.8863
68.7715 57.912
68.8715 57.9103
68.9715 57.9644
69.0715 58.0081
69.1715 58.1795
69.2715 58.3432
69.3715 58.2105
69.4715 58.1823
69.5715 58.2695
69.6715 58.2857
69.7715 58.1262
69.8715 58.1643
69.9715 58.2477
70.0715 58.3572
70.1715 58.3398
70.2715 58.3177
70.3715 58.4322
70.4715 58.4769
70.5715 58.5419
70.6715 58.6038
70.7715 58.6382
70.8715 58.4819
70.9715 58.4724
71.0715 58.5661
71.1715 58.679
71.2715 58.7101
71.3715 58.6134
71.4715 58.7863
71.5715 58.8733
71.6715 58.9873
71.7715 59.0421
71.8715 59.1075
71.9715 59.1543
72.0715 59.2086
72.1715 59.2737
72.2715 59.3881
72.3715 59.2954
72.4715 59.3561
72.5715 59.3957
72.6715 59.4426
72.7715 59.5745
72.8715 59.4272
72.9715 59.4038
73.0715 59.4226
73.1715 59.5582
73.2715 59.5919
73.3715 59.6349
73.4715 59.7416
73.5715 59.7052
73.6715 59.7217
73.7715 59.5942
73.8715 59.5896
73.9715 59.5905
74.0715 59.6606
74.1715 59.6439
74.2715 59.7328
74.3715 59.7586
74.4715 59.7812
74.5715 59.7803
74.6715 59.7426
74.7715 59.8406
74.8715 59.8721
74.9715 59.9487
75.0715 59.997
75.1715 59.9622
75.2715 60.056
75.3715 60.0726
75.4715 60.1237
75.5715 60.1156
75.6715 60.132
75.7715 60.1705
75.8715 60.191
75.9715 60.28
76.0715 60.3467
76.1715 60.4656
76.2715 60.4648
76.3715 60.5041
76.4715 60.5677
76.5715 60.5136
76.6715 60.4565
76.7715 60.4163
76.8715 60.4252
76.9715 60.3912
77.0715 60.2944
77.1715 60.3552
77.2715 60.2921
77.3715 60.1328
77.4715 60.0694
77.5715 60.1549
77.6715 60.0819
77.7715 60.024
77.8715 60.0332
77.9715 59.9959
78.0715 59.8626
78.1715 59.8126
78.2715 59.851
78.3715 59.7325
78.4715 59.663
78.5715 59.6341
78.6715 59.6243
78.7715 59.6666
78.8715 59.5781
78.9715 59.6175
79.0715 59.6746
79.1715 59.6869
79.2715 59.6838
79.3715 59.6906
79.4715 59.4686
79.5715 59.4004
79.6715 59.3581
79.7715 59.3189
79.8715 59.3612
79.9715 59.0245
80.0715 58.819
80.1715 58.7871
80.2715 58.7665
80.3715 58.5513
80.4715 58.6135
80.5715 58.6533
80.6715 58.5164
80.7715 58.588
80.8715 58.5702
80.9715 58.4222
81.0715 58.4375
81.1715 58.5102
81.2715 58.4802
81.3715 58.3824
81.4715 58.3854
81.5715 58.3278
81.6715 58.3348
81.7715 58.332
81.8715 58.3367
81.9715 58.3051
82.0715 58.1119
82.1715 58.1397
82.2715 58.1765
82.3715 58.2386
82.4715 58.2557
82.5715 58.1503
82.6715 58.1906
82.7715 58.1103
82.8715 58.1077
82.9715 58.0486
83.0715 57.959
83.1715 57.943
83.2715 57.8654
83.3715 57.7769
83.4715 57.7848
83.5715 57.8263
83.6715 57.7023
83.7715 57.6083
83.8715 57.6227
83.9715 57.4967
84.0715 57.6099
84.1715 57.5698
84.2715 57.5655
84.3715 57.593
84.4715 57.5409
84.5715 57.3944
84.6715 57.3658
84.7715 57.4532
84.8715 57.2983
84.9715 57.2602
85.0715 57.3092
85.1715 57.3048
85.2715 57.2599
85.3715 57.1228
85.4715 57.1914
85.5715 57.1304
85.6715 57.1593
85.7715 57.2025
85.8715 57.2236
85.9715 57.2105
86.0715 57.2519
86.1715 57.3028
86.2715 57.2761
86.3715 56.9956
86.4715 57.0423
86.5715 57.087
86.6715 57.1136
86.7715 57.1478
86.8715 57.1789
86.9715 57.1403
87.0715 57.2214
87.1715 57.2156
87.2715 57.1484
87.3715 57.2329
87.4715 56.927
87.5715 56.8657
87.6715 56.875
87.7715 56.8148
87.8715 56.718
87.9715 56.7534
88.0715 56.7882
88.1715 56.8231
88.2715 56.7779
88.3715 56.7885
88.4715 56.7184
88.5715 56.6207
88.6715 56.5681
88.7715 56.5407
88.8715 56.5064
88.9715 56.5376
89.0715 56.5465
89.1715 56.6438
89.2715 56.6538
89.3715 56.6371
89.4715 56.4613
89.5715 56.4552
89.6715 56.429
89.7715 56.4627
89.8715 56.3467
89.9715 56.2368
90.0715 56.131
90.1715 56.207
90.2715 56.0668
90.3715 55.9131
90.4715 55.9206
90.5715 55.9828
90.6715 56.1433
90.7715 56.1105
90.8715 55.9787
90.9715 56.0378
91.0715 56.0305
91.1715 56.0245
91.2715 56.0005
91.3715 56.0502
91.4715 55.999
91.5715 56.0231
91.6715 56.003
91.7715 56.0511
91.8715 56.0245
91.9715 56.0647
92.0715 56.0696
92.1715 55.9947
92.2715 56.008
92.3715 55.9634
92.4715 55.8499
92.5715 55.7654
92.6715 55.6905
92.7715 55.7866
92.8715 55.7203
92.9715 55.7003
93.0715 55.6698
93.1715 55.6954
93.2715 55.6498
93.3715 55.5883
93.4715 55.4802
93.5715 55.6315
93.6715 55.5082
93.7715 55.5154
93.8715 55.5276
93.9715 55.5315
94.0715 55.6089
94.1715 55.5517
94.2715 55.6174
94.3715 55.5773
94.4715 55.3888
94.5715 55.3041
94.6715 55.1933
94.7715 55.1013
94.8715 55.1293
94.9715 55.1139
95.0715 55.0287
95.1715 54.8436
95.2715 54.9124
95.3715 54.8981
95.4715 54.9098
95.5715 54.8676
95.6715 54.8014
95.7715 54.8276
95.8715 54.6743
95.9715 54.6413
96.0715 54.5532
96.1715 54.4196
96.2715 54.4165
96.3715 54.4989
96.4715 54.1674
96.5715 54.1571
96.6715 54.123
96.7715 53.9121
96.8715 53.922
96.9715 53.9504
97.0715 53.9882
97.1715 54.0239
97.2715 53.9536
97.3715 54.0344
97.4715 53.8808
97.5715 53.9309
97.6715 53.7906
97.7715 53.7702
97.8715 53.6382
97.9715 53.5115
98.0715 53.5498
98.1715 53.3973
98.2715 53.4402
98.3715 53.4291
98.4715 53.4451
98.5715 53.4257
98.6715 53.4171
98.7715 53.348
98.8715 53.424
98.9715 53.4626
99.0715 53.4646
99.1715 53.5024
99.2715 53.3129
99.3715 53.1736
99.4715 53.1397
99.5715 53.1203
99.6715 53.0557
99.7715 53.0737
99.8715 53.14
99.9715 53.1781
