0.0593132 61.1165
0.159313 61.095
0.259313 61.0714
0.265217 60.189
0.265862 60.1004
0.359313 59.8651
0.459313 59.8612
0.559313 59.7407
0.564738 59.7799
0.56507 59.7214
0.565531 59.6976
0.56589 59.6613
0.5664 59.5649
0.566786 59.4522
0.659313 59.281
0.759313 59.2759
0.859313 59.1812
0.959313 59.0719
1.05931 59.0948
1.15931 59.1205
1.25931 59.0569
1.35931 59.0805
1.45931 58.9222
1.55931 58.6963
1.65931 58.7463
1.75931 58.7443
1.85931 58.6173
1.95931 58.402
2.05931 58.3853
2.15931 58.3419
2.25931 58.377
2.35931 58.3132
2.45931 58.2659
2.55931 58.2924
2.65931 58.2718
2.75931 58.1859
2.85931 58.1769
2.95931 58.1667
3.05931 58.122
3.15931 58.1351
3.25931 58.0659
3.35931 58.0095
3.45931 58.0408
3.55931 58.0658
3.65931 58.0852
3.75931 58.0592
3.85931 57.893
3.95931 57.8991
4.05931 57.8794
4.15931 57.8302
4.25931 57.8306
4.35931 57.8017
4.45931 57.8045
4.55931 57.7385
4.65931 57.8019
4.75931 57.8396
4.85931 57.8216
4.95931 57.8125
5.05931 57.7134
5.15931 57.6157
5.25931 57.6376
5.35931 57.6688
5.45931 57.6307
5.55931 57.6514
5.65931 57.6041
5.75931 57.6165
5.85931 57.6987
5.95931 57.6447
6.05931 57.5009
6.15931 57.4791
6.25931 57.4199
6.35931 57.5292
6.45931 57.4913
6.55931 57.5222
6.65931 57.5597
6.75931 57.6476
6.85931 57.6729
6.95931 57.6698
7.05931 57.6635
7.15931 57.6163
7.25931 57.449
7.35931 57.4458
7.45931 57.4343
7.55931 57.438
7.65931 57.2381
7.75931 57.3501
7.85931 57.431
7.95931 57.3686
8.05931 57.3868
8.15931 57.396
8.25931 57.3605
8.35931 57.2633
8.45931 57.2973
8.55931 57.3844
8.65931 57.3288
8.75931 57.3669
8.85931 57.2034
8.95931 57.3297
9.05931 57.4253
9.15931 57.4888
9.25931 57.5549
9.35931 57.5127
9.45931 57.5893
9.55931 57.562
9.65931 57.6246
9.75931 57.5004
9.85931 57.4322
9.95931 57.4949
10.0593 57.4532
10.1593 57.3748
10.2593 57.3928
10.3593 57.4336
10.4593 57.3844
10.5593 57.4375
10.6593 57.4284
10.7593 57.1915
10.8593 57.2093
10.9593 57.246
11.0593 57.3385
11.1593 57.4415
11.2593 57.4744
11.3593 57.5797
11.4593 57.6335
11.5593 57.699
11.6593 57.7176
11.7593 57.8095
11.8593 57.8899
11.9593 57.9628
12.0593 58.036
12.1593 58.118
12.2593 58.167
12.3593 58.2092
12.4593 58.2341
12.5593 58.2017
12.6593 58.2297
12.7593 58.2758
12.8593 58.2658
12.9593 58.2526
13.0593 58.2118
13.1593 58.2943
13.2593 58.1678
13.3593 58.111
13.4593 58.2223
13.5593 58.3572
13.6593 58.4329
13.7593 58.4763
13.8593 58.4382
13.9593 58.2917
14.0593 58.3566
14.1593 58.4214
14.2593 58.5208
14.3593 58.5294
14.4593 58.6018
14.5593 58.6236
14.6593 58.6212
14.7593 58.6561
14.8593 58.7787
14.9593 58.8446
15.0593 58.9527
15.1593 58.9614
15.2593 59.0585
15.3593 58.9497
15.4593 58.8601
15.5593 58.9558
15.6593 59.0707
15.7593 59.1378
15.8593 59.277
15.9593 59.3756
16.0593 59.4896
16.1593 59.4678
16.2593 59.4455
16.3593 59.4309
16.4593 59.4517
16.5593 59.3895
16.6593 59.4024
16.7593 59.3495
16.8593 59.3767
16.9593 59.3505
17.0593 59.4297
17.1593 59.5283
17.2593 59.5942
17.3593 59.5273
17.4593 59.6044
17.5593 59.7281
17.6593 59.616
17.7593 59.5709
17.8593 59.5926
17.9593 59.4919
18.0593 59.3828
18.1593 59.3831
18.2593 59.3784
18.3593 59.4018
18.4593 59.3485
18.5593 59.3329
18.6593 59.3176
18.7593 59.4196
18.8593 59.3662
18.9593 59.305
19.0593 59.4056
19.1593 59.4985
19.2593 59.6597
19.3593 59.5268
19.4593 59.6217
19.5593 59.6068
19.6593 59.4972
19.7593 59.5675
19.8593 59.6568
19.9593 59.7542
20.0593 59.7062
20.1593 59.6446
20.2593 59.6641
20.3593 59.728
20.4593 59.799
20.5593 59.8442
20.6593 59.9062
20.7593 59.8782
20.8593 59.872
20.9593 59.9644
21.0593 59.8789
21.1593 59.918
21.2593 59.8643
21.3593 59.951
21.4593 59.999
21.5593 59.9186
21.6593 60.0168
21.7593 60.0752
21.8593 60.1497
21.9593 60.2608
22.0593 60.171
22.1593 60.1316
22.2593 60.2128
22.3593 60.0488
22.4593 60.1013
22.5593 60.007
22.6593 60.0603
22.7593 60.0728
22.8593 60.0738
22.9593 59.9906
23.0593 59.996
23.1593 60.0735
23.2593 60.0881
23.3593 60.0329
23.4593 60.1137
23.5593 60.1416
23.6593 60.2227
23.7593 60.2484
23.8593 60.422
23.9593 60.472
24.0593 60.5485
24.1593 60.3806
24.2593 60.4079
24.3593 60.4531
24.4593 60.4176
24.5593 60.3828
24.6593 60.2543
24.7593 60.3496
24.8593 60.1192
24.9593 60.1124
25.0593 60.2291
25.1593 60.1365
25.2593 60.1721
25.3593 60.2603
25.4593 60.2293
25.5593 60.2722
25.6593 60.0524
25.7593 60.1408
25.8593 60.1179
25.9593 60.1222
26.0593 60.2096
26.1593 60.2629
26.2593 60.073
26.3593 60.0915
26.4593 59.9896
26.5593 60.0106
26.6593 60.0522
26.7593 60.043
26.8593 59.9463
26.9593 59.5562
27.0593 59.581
27.1593 59.5054
27.2593 59.4744
27.3593 59.4828
27.4593 59.4554
27.5593 59.2894
27.6593 59.3241
27.7593 59.3206
27.8593 59.3204
27.9593 59.1745
28.0593 59.2357
28.1593 59.3316
28.2593 59.3784
28.3593 59.418
28.4593 59.4155
28.5593 59.4991
28.6593 59.4736
28.7593 59.4557
28.8593 59.3737
28.9593 59.0579
29.0593 58.9546
29.1593 58.8942
29.2593 58.842
29.3593 58.8225
29.4593 58.9062
29.5593 58.852
29.6593 58.8995
29.7593 58.7302
29.8593 58.7084
29.9593 58.7318
30.0593 58.7733
30.1593 58.8936
30.2593 58.8799
30.3593 58.7886
30.4593 58.7594
30.5593 58.7301
30.6593 58.7238
30.7593 58.8054
30.8593 58.8352
30.9593 58.6554
31.0593 58.5939
31.1593 58.5182
31.2593 58.5763
31.3593 58.6217
31.4593 58.7155
31.5593 58.6346
31.6593 58.6507
31.7593 58.5211
31.8593 58.5579
31.9593 58.6265
32.0593 58.5081
32.1593 58.5605
32.2593 58.5923
32.3593 58.6025
32.4593 58.6358
32.5593 58.5955
32.6593 58.537
32.7593 58.3673
32.8593 58.388
32.9593 58.4416
33.0593 58.4636
33.1593 58.2733
33.2593 58.3626
33.3593 58.3403
33.4593 58.2398
33.5593 58.2848
33.6593 58.1286
33.7593 58.055
33.8593 58.0694
33.9593 57.9278
34.0593 57.8899
34.1593 57.8505
34.2593 57.8071
34.3593 57.7678
34.4593 57.6706
34.5593 57.7173
34.6593 57.6709
34.7593 57.7336
34.8593 57.7484
34.9593 57.4187
35.0593 57.3732
35.1593 57.4325
35.2593 57.4377
35.3593 57.416
35.4593 57.3468
35.5593 57.326
35.6593 57.3942
35.7593 57.3827
35.8593 57.4282
35.9593 57.4256
36.0593 57.2531
36.1593 57.1956
36.2593 57.0832
36.3593 57.1439
36.4593 57.0892
36.5593 57.1159
36.6593 57.0165
36.7593 56.9811
36.8593 57.0216
36.9593 57.0992
37.0593 57.0042
37.1593 56.9557
37.2593 57.0123
37.3593 56.97
37.4593 56.9619
37.5593 57.0162
37.6593 56.8972
37.7593 56.9693
37.8593 56.8522
37.9593 56.7938
38.0593 56.6681
38.1593 56.6727
38.2593 56.6192
38.3593 56.6661
38.4593 56.5457
38.5593 56.4387
38.6593 56.3249
38.7593 56.1484
38.8593 56.1325
38.9593 56.1916
39.0593 56.2317
39.1593 56.2412
39.2593 56.1276
39.3593 56.057
39.4593 56.0961
39.5593 56.0874
39.6593 56.1436
39.7593 56.1898
39.8593 55.9586
39.9593 55.9922
40.0593 55.9833
40.1593 55.8967
40.2593 55.9089
40.3593 55.7476
40.4593 55.6672
40.5593 55.6199
40.6593 55.6635
40.7593 55.542
40.8593 55.6227
40.9593 55.6194
41.0593 55.6717
41.1593 55.6967
41.2593 55.6481
41.3593 55.6396
41.4593 55.5499
41.5593 55.535
41.6593 55.663
41.7593 55.6249
41.8593 55.4168
41.9593 55.4195
42.0593 55.3892
42.1593 55.3312
42.2593 55.3184
42.3593 55.2814
42.4593 55.2174
42.5593 55.123
42.6593 54.9986
42.7593 54.9272
42.8593 54.9381
42.9593 54.8768
43.0593 54.9217
43.1593 54.9314
43.2593 54.9412
43.3593 54.9846
43.4593 54.9992
43.5593 54.9518
43.6593 54.9615
43.7593 54.9208
43.8593 54.8699
43.9593 54.8709
44.0593 54.792
44.1593 54.779
44.2593 54.8434
44.3593 54.6848
44.4593 54.6512
44.5593 54.7055
44.6593 54.6833
44.7593 54.418
44.8593 54.3918
44.9593 54.3646
45.0593 54.2562
45.1593 54.22
45.2593 54.2105
45.3593 54.0437
45.4593 53.9712
45.5593 54.0459
45.6593 53.9511
45.7593 53.9371
45.8593 53.8827
45.9593 53.8711
46.0593 53.537
46.1593 53.6293
46.2593 53.5439
46.3593 53.5442
46.4593 53.6097
46.5593 53.6106
46.6593 53.6233
46.7593 53.6425
46.8593 53.6978
46.9593 53.641
47.0593 53.5254
47.1593 53.5115
47.2593 53.3652
47.3593 53.3578
47.4593 53.3221
47.5593 53.3504
47.6593 53.2055
47.7593 53.272
47.8593 53.1069
47.9593 53.1709
48.0593 53.2259
48.1593 53.228
48.2593 53.239
48.3593 53.3225
48.4593 53.1915
48.5593 53.1822
48.6593 53.2335
48.7593 53.1347
48.8593 53.0815
48.9593 52.9384
49.0593 52.8395
49.1593 52.8887
49.2593 53.0058
49.3593 53.0746
49.4593 53.1031
49.5593 53.1712
49.6593 53.1913
49.7593 53.1672
49.8593 53.199
49.9593 53.2019
50.0593 52.9653
50.1593 53.0084
50.2593 52.9088
50.3593 52.7444
50.4593 52.7421
50.5593 52.4255
50.6593 52.3817
50.7593 52.2535
50.8593 52.2148
50.9593 52.2775
51.0593 52.2063
51.1593 52.0325
51.2593 52.0649
51.3593 51.9818
51.4593 51.9641
51.5593 52.0434
51.6593 51.9721
51.7593 51.8796
51.8593 51.8973
51.9593 51.8859
52.0593 51.7635
52.1593 51.7096
52.2593 51.7283
52.3593 51.805
52.4593 51.8591
52.5593 51.8751
52.6593 51.8922
52.7593 51.9584
52.8593 51.7909
52.9593 51.7111
53.0593 51.6716
53.1593 51.7783
53.2593 51.7666
53.3593 51.8111
53.4593 51.8594
53.5593 51.5954
53.6593 51.6556
53.7593 51.6065
53.8593 51.7147
53.9593 51.7075
54.0593 51.7599
54.1593 51.8002
54.2593 51.8463
54.3593 51.8308
54.4593 51.7354
54.5593 51.513
54.6593 51.4412
54.7593 51.3963
54.8593 51.4587
54.9593 51.3988
55.0593 51.3368
55.1593 51.3224
55.2593 51.062
55.3593 51.0519
55.4593 51.1015
55.5593 51.0743
55.6593 51.1302
55.7593 51.0072
55.8593 51.0874
55.9593 51.0273
56.0593 51.1102
56.1593 51.1554
56.2593 51.0849
56.3593 51.1026
56.4593 51.03
56.5593 51.1079
56.6593 51.0309
56.7593 51.065
56.8593 51.1003
56.9593 50.8076
57.0593 50.8189
57.1593 50.8755
57.2593 50.8381
57.3593 50.9393
57.4593 50.8879
57.5593 50.9453
57.6593 50.957
57.7593 50.9419
57.8593 50.9543
57.9593 50.9228
58.0593 50.7648
58.1593 50.7576
58.2593 50.7881
58.3593 50.744
58.4593 50.7803
58.5593 50.8445
58.6593 50.8543
58.7593 50.8946
58.8593 50.9695
58.9593 51.0312
59.0593 50.9266
59.1593 50.9328
59.2593 50.871
59.3593 50.9048
59.4593 50.8017
59.5593 50.8658
59.6593 50.7326
59.7593 50.6067
59.8593 50.4445
59.9593 50.4619
60.0593 50.4378
60.1593 50.4623
60.2593 50.2933
60.3593 50.2954
60.4593 50.3631
60.5593 50.2656
60.6593 50.2922
60.7593 50.2926
60.8593 50.339
60.9593 50.4367
61.0593 50.4644
61.1593 50.3779
61.2593 50.3865
61.3593 50.4307
61.4593 50.3835
61.5593 50.412
61.6593 50.4306
61.7593 50.378
61.8593 50.4574
61.9593 50.5222
62.0593 50.5993
62.1593 50.6455
62.2593 50.6878
62.3593 50.509
62.4593 50.547
62.5593 50.4858
62.6593 50.4152
62.7593 50.2735
62.8593 50.3265
62.9593 50.324
63.0593 50.3493
63.1593 50.3803
63.2593 50.259
63.3593 50.2413
63.4593 50.2688
63.5593 50.253
63.6593 50.0756
63.7593 50.0701
63.8593 50.0867
63.9593 50.2121
64.0593 50.2979
64.1593 50.3397
64.2593 50.1733
64.3593 50.2126
64.4593 50.2994
64.5593 50.1738
64.6593 50.1998
64.7593 50.1603
64.8593 50.1253
64.9593 49.9857
65.0593 49.9191
65.1593 49.8901
65.2593 49.9461
65.3593 49.937
65.4593 49.8659
65.5593 49.9381
65.6593 49.7727
65.7593 49.7527
65.8593 49.6374
65.9593 49.6466
66.0593 49.6832
66.1593 49.6685
66.2593 49.666
66.3593 49.5765
66.4593 49.6232
66.5593 49.5874
66.6593 49.4255
66.7593 49.4341
66.8593 49.4348
66.9593 49.4282
67.0593 49.4451
67.1593 49.3903
67.2593 49.3662
67.3593 49.3192
67.4593 49.3257
67.5593 49.4061
67.6593 49.2943
67.7593 49.2613
67.8593 49.1862
67.9593 49.1886
68.0593 49.1703
68.1593 49.1028
68.2593 49.1231
68.3593 49.0011
68.4593 48.9931
68.5593 48.9953
68.6593 48.8467
68.7593 48.6658
68.8593 48.7241
68.9593 48.6819
69.0593 48.7217
69.1593 48.663
69.2593 48.6815
69.4593 48.5841
69.5593 48.549
69.6593 48.4213
69.7593 48.1888
69.8593 48.2558
69.9593 48.0356
70.0593 47.9204
70.1593 47.9867
70.3593 47.8842
70.5593 47.7394
70.6593 47.8169
70.7593 47.8256
70.8593 47.7641
70.9593 47.8615
71.0593 47.8209
71.1593 47.8108
71.2593 47.8633
71.3593 47.8391
71.4593 47.8106
71.5593 47.8266
71.6593 47.7661
71.7593 47.6778
71.8593 47.6629
71.9593 47.6486
72.0593 47.616
72.1593 47.6639
72.2593 47.5184
72.3593 47.3535
72.4593 47.4096
72.5593 47.3672
72.6593 47.2555
72.7593 47.1741
72.8593 47.2947
72.9593 47.3575
73.0593 47.2455
73.1593 47.2276
73.2593 47.1619
73.3593 47.213
73.4593 47.2248
73.5593 47.2568
73.6593 47.078
73.7593 47.0879
73.8593 47.1178
73.9593 47.0391
74.0593 47.0408
74.1593 47.0588
74.2593 47.126
74.3593 47.1504
74.4593 47.1555
74.5593 47.1608
74.6593 47.0511
74.7593 46.9817
74.8593 46.9839
74.9593 47.0542
75.0593 47.0811
75.2593 47.091
75.3593 47.069
75.4593 47.0563
75.5593 47.0868
75.6593 47.1755
75.7593 47.1091
75.8593 47.1565
75.9593 47.2041
76.0593 47.1125
76.1593 47.0037
76.2593 46.9777
76.3593 46.9161
76.4593 46.8479
76.5593 46.7879
76.6593 46.8166
76.7593 46.8547
76.8593 46.9191
77.0593 46.964
77.1593 47.0982
77.3593 47.1186
77.4593 46.9923
77.5593 46.8655
77.6593 46.8655
77.7593 46.723
77.8593 46.5964
77.9593 46.6302
78.0593 46.689
78.1593 46.7363
78.2593 46.7157
78.3593 46.6931
78.4593 46.6889
78.5593 46.662
78.6593 46.7379
78.7593 46.7298
78.8593 46.5127
78.9593 46.6248
79.0593 46.7355
79.1593 46.7284
79.2593 46.661
79.3593 46.5829
79.4593 46.6577
79.5593 46.7133
79.6593 46.8251
79.7593 46.7531
79.8593 46.8245
80.0593 46.8343
80.1593 46.879
80.2593 46.9324
80.3593 46.932
80.4593 46.924
80.5593 46.8242
80.6593 46.8372
80.7593 46.8815
80.8593 46.9235
80.9593 46.916
81.1593 46.7396
81.2593 46.5261
81.3593 46.4997
81.4593 46.4389
81.5593 46.4379
81.6593 46.4306
81.7593 46.4435
81.8593 46.4903
81.9593 46.4951
82.0593 46.522
82.1593 46.504
82.2593 46.4386
82.3593 46.4993
82.4593 46.4732
82.5593 46.5671
82.6593 46.6181
82.7593 46.6277
82.8593 46.6098
82.9593 46.5905
83.0593 46.5394
83.1593 46.5971
83.2593 46.5946
83.3593 46.6211
83.4593 46.6307
83.5593 46.6658
83.6593 46.7213
83.7593 46.7533
83.8593 46.7689
83.9593 46.6452
84.0593 46.6676
84.1593 46.5815
84.2593 46.5872
84.3593 46.732
84.4593 46.8336
84.5593 46.8578
84.6593 46.8292
84.7593 46.7586
84.8593 46.7115
84.9593 46.7245
85.0593 46.7235
85.1593 46.7503
85.3593 46.8082
85.4593 46.6298
85.6593 46.566
85.7593 46.4171
85.8593 46.4062
85.9593 46.4498
86.0593 46.523
86.1593 46.5098
86.2593 46.5325
86.3593 46.4956
86.4593 46.459
86.5593 46.5085
86.6593 46.5834
86.7593 46.572
86.8593 46.5638
86.9593 46.6289
87.0593 46.6759
87.1593 46.6844
87.2593 46.5975
87.3593 46.6159
87.4593 46.5058
87.5593 46.5154
87.6593 46.5572
87.7593 46.3319
87.8593 46.1805
87.9593 46.2501
88.0593 46.203
88.1593 46.195
88.2593 46.2153
88.3593 46.0898
88.4593 46.0586
88.5593 46.0222
88.6593 45.9525
88.7593 45.9921
88.8593 45.9929
88.9593 46.1075
89.0593 46.165
89.2593 46.172
89.3593 46.0827
89.4593 46.1648
89.5593 46.1725
89.6593 46.2714
89.7593 46.3274
89.8593 46.2168
89.9593 46.2265
90.0593 46.2277
90.1593 46.2049
90.2593 46.2482
90.3593 46.2842
90.4593 46.2916
90.6593 46.2832
90.7593 46.0876
90.8593 46.071
90.9593 46.08
91.0593 46.1119
91.1593 46.1954
91.2593 46.2572
91.3593 46.0608
91.4593 46.009
91.5593 45.8392
91.6593 45.859
91.7593 45.9048
91.8593 45.9524
91.9593 45.9659
92.0593 46.0716
92.1593 46.0287
92.2593 45.9028
92.3593 45.8589
92.4593 45.7467
92.5593 45.7181
92.6593 45.7081
92.7593 45.746
92.8593 45.6573
92.9593 45.6732
93.0593 45.7147
93.1593 45.7382
93.2593 45.7189
93.3593 45.6942
93.4593 45.5443
93.5593 45.4536
93.6593 45.3941
93.7593 45.3805
93.8593 45.4433
93.9593 45.4108
94.1593 45.3452
94.2593 45.2065
94.3593 45.0496
94.4593 45.0779
94.5593 45.1134
94.6593 45.1764
94.7593 45.0113
94.8593 44.9739
94.9593 45.0238
95.0593 45.0611
95.1593 45.0399
95.2593 44.9017
95.3593 44.7511
95.4593 44.8268
95.5593 44.8514
95.6593 44.878
95.7593 44.7985
95.8593 44.8461
95.9593 44.8261
96.0593 44.8744
96.1593 44.6954
96.2593 44.6196
96.3593 44.5465
96.4593 44.3878
96.5593 44.3158
96.6593 44.3814
96.7593 44.4036
96.8593 44.4479
96.9593 44.2474
97.0593 44.1835
97.1593 44.1528
97.2593 44.2551
97.3593 44.1467
97.4593 44.2204
97.5593 44.242
97.6593 44.1484
97.7593 43.9468
97.8593 43.9003
97.9593 43.8942
98.0593 43.7507
98.1593 43.846
98.2593 43.8838
98.3593 43.8961
98.4593 43.8297
98.5593 43.7624
98.6593 43.8324
98.7593 43.8897
98.8593 43.8915
98.9593 43.81
99.0593 43.8657
99.1593 43.7977
99.2593 43.8485
99.3593 43.8879
99.4593 43.8165
99.5593 43.748
99.6593 43.7244
99.7593 43.8172
99.8593 43.7864
