0.071549293519 43.6955
0.171549290219 49.9363
0.266583230334 45.8802
0.27154928692 43.4837
0.37154928362 40.8388
0.471549280321 49.6098
0.571549277021 39.7449
0.671549273722 49.6844
0.771549270423 48.2947
0.971549263824 48.5771
1.071549260526 41.3006
1.171549257227 50.2636
1.271549253928 48.0497
1.371549250629 53.2429
1.471549247331 50.918
1.571549244032 45.2924
1.671549240734 35.5365
1.771549237436 40.6757
1.97154923084 49.1473
2.071549227542 51.5879
2.171549224244 31.8737
2.271549220946 40.9601
2.371549217649 50.2773
2.471549214351 39.1524
2.571549211054 49.4874
2.671549207757 45.1881
2.771549204459 43.1377
2.871549201162 43.5091
2.971549197865 45.1314
3.071549194568 49.8427
3.171549191272 48.1707
3.271549187975 49.7498
3.371549184678 44.168
3.471549181382 44.2065
3.571549178086 41.6294
3.67154917479 38.0573
3.771549171493 50.0216
3.871549168197 47.6506
3.971549164902 44.6619
4.071549161606 49.7198
4.17154915831 42.2546
4.271549155015 47.5785
4.371549151719 37.687
4.471549148424 46.423
4.571549145129 40.2071
4.671549141833 36.9817
4.771549138538 40.3242
4.871549135244 47.442
4.971549131949 37.4701
5.071549128654 51.2411
5.17154912536 46.9458
5.271549122065 52.7457
5.371549118771 48.5716
5.471549115477 49.799
5.571549112183 43.5367
5.671549108889 45.5116
5.771549105595 42.0408
5.871549102301 42.0013
5.971549099008 54.2837
6.071549095714 45.0781
6.171549092421 51.1162
6.271549089128 45.3628
6.371549085835 50.567
6.471549082542 47.3927
6.571549079249 33.5055
6.671549075956 51.7651
6.771549072664 36.5738
6.871549069371 40.6534
6.971549066079 34.4439
7.071549062787 49.7517
7.171549059495 44.6518
7.371549052911 45.6712
7.47154904962 47.5451
7.571549046328 52.233
7.671549043037 49.0549
7.771549039745 36.0705
7.871549036454 52.2904
7.971549033163 50.9828
8.071549029872 37.957
8.171549026582 44.1171
8.271549023291 44.5627
8.37154902 44.7704
8.47154901671 51.2839
8.57154901342 42.3101
8.67154901013 46.9951
8.77154900684 34.0655
8.87154900355 49.2602
8.971549000261 48.8194
9.071548996971 42.1387
9.171548993682 52.2039
9.271548990393 48.395
9.371548987103 47.106
9.471548983815 49.9813
9.571548980526 41.1158
9.671548977237 48.4471
9.771548973949 49.9684
9.87154897066 46.7611
9.971548967372 44.8427
10.071548964084 37.6618
10.171548960796 49.9027
10.271548957508 36.6443
10.371548954221 42.1471
10.471548950933 34.5693
10.571548947646 46.5668
10.671548944359 46.563
10.771548941072 48.2241
10.871548937785 38.2271
10.971548934498 45.9247
11.071548931212 53.6886
11.171548927925 52.0095
11.271548924639 43.999
11.371548921353 40.374
11.471548918067 47.8993
11.571548914781 36.1734
11.671548911496 49.4868
11.77154890821 31.9092
11.871548904925 45.3998
11.97154890164 38.6715
12.071548898355 43.2672
12.17154889507 46.795
12.271548891786 45.4375
12.371548888501 47.3807
12.471548885217 47.8236
12.571548881933 51.1897
12.671548878649 48.4109
12.771548875365 48.4304
12.871548872081 47.7359
12.971548868798 47.5382
13.071548865515 50.5785
13.171548862232 48.0497
13.271548858949 32.3586
13.371548855666 48.3736
13.471548852383 42.7486
13.571548849101 50.4285
13.671548845819 50.1956
13.771548842537 48.7439
13.871548839255 49.7768
13.971548835973 50.6144
14.071548832692 49.7952
14.17154882941 47.2731
14.271548826129 50.5503
14.371548822848 48.9561
14.471548819567 45.5833
14.571548816287 48.8495
14.671548813006 47.4884
14.771548809726 43.7296
14.871548806446 48.1357
14.971548803166 50.6874
15.071548799886 38.0426
15.171548796607 54.8904
15.271548793328 52.7278
15.371548790049 47.3304
15.47154878677 41.8435
15.571548783491 38.0234
15.671548780213 39.6634
15.771548776934 42.9187
15.871548773656 49.0713
15.971548770378 51.2734
16.071548767101 35.328
16.171548763823 40.5859
16.271548760546 52.584
16.371548757269 50.9313
16.471548753992 48.2444
16.571548750715 48.4537
16.671548747439 54.6412
16.771548744162 49.2783
16.871548740886 48.3178
16.97154873761 52.2606
17.071548734335 33.5765
17.271548727784 49.3799
17.371548724509 43.7656
17.471548721234 52.2117
17.57154871796 40.2145
17.671548714685 42.6507
17.771548711411 50.4886
17.871548708137 36.5815
17.971548704864 46.2012
18.07154870159 49.4829
18.171548698317 44.4295
18.271548695044 45.6315
18.371548691771 52.2227
18.471548688499 48.8489
18.571548685226 50.9311
18.671548681954 50.9496
18.771548678682 47.9749
18.871548675411 44.591
18.971548672139 50.1432
19.071548668868 41.9575
19.171548665597 54.0279
19.271548662326 44.8028
19.371548659056 44.206
19.471548655786 46.9649
19.571548652516 45.2883
19.671548649246 54.5267
19.771548645977 47.5396
19.871548642707 46.1845
19.971548639438 47.8175
20.07154863617 46.1558
20.171548632901 46.8928
20.271548629633 34.3625
20.371548626365 35.6253
20.471548623097 43.533
20.57154861983 42.0244
20.771548613296 57.6602
20.871548610029 37.9795
21.071548603496 52.3437
21.171548600231 45.7535
21.271548596965 50.2097
21.3715485937 43.5357
21.471548590435 41.6658
21.57154858717 43.3066
21.671548583905 50.7037
21.771548580641 50.9082
21.871548577377 51.5808
21.971548574113 52.1846
22.07154857085 48.7649
22.171548567587 44.686
22.271548564324 47.4861
22.371548561061 52.1687
22.471548557799 53.8969
22.571548554537 52.1308
22.671548551275 47.2023
22.771548548014 43.1257
22.871548544753 49.5971
22.971548541492 53.8327
23.071548538232 49.5056
23.171548534971 45.9397
23.271548531712 53.526
23.371548528452 49.892
23.471548525193 53.0534
23.571548521934 48.4956
23.671548518675 44.9069
23.771548515417 50.7807
23.871548512159 49.7588
23.971548508901 38.56
24.071548505643 45.908
24.171548502386 49.2149
24.27154849913 45.6112
24.371548495873 52.2679
24.471548492617 45.9918
24.571548489361 48.7082
24.671548486106 51.6402
24.771548482851 53.7569
24.871548479596 54.0407
24.971548476341 46.0296
25.071548473087 43.1218
25.171548469833 35.8751
25.371548463327 48.7441
25.471548460074 51.3365
25.571548456822 54.8132
25.67154845357 41.7782
25.771548450318 51.3914
25.871548447067 34.0248
25.971548443816 54.0384
26.071548440565 53.9897
26.171548437315 43.123
26.271548434065 45.1151
26.371548430815 50.7119
26.471548427566 56.4638
26.571548424317 45.4824
26.671548421069 51.2189
26.771548417821 51.0075
26.871548414573 49.0479
26.971548411326 48.0783
27.071548408079 46.691
27.171548404833 47.8506
27.271548401587 51.5188
27.371548398341 39.3085
27.471548395096 49.8201
27.571548391851 41.7838
27.671548388606 47.8737
27.771548385362 53.2684
27.871548382118 47.7552
27.971548378875 52.8847
28.071548375632 46.4709
28.17154837239 47.8725
28.271548369148 51.2732
28.371548365906 46.1699
28.471548362665 51.0446
28.571548359424 48.3172
28.671548356183 45.0643
28.771548352944 53.8933
28.871548349704 51.967
28.971548346465 46.3913
29.071548343226 54.6284
29.171548339988 55.3209
29.27154833675 50.7268
29.371548333513 44.2853
29.471548330276 48.1283
29.57154832704 46.839
29.671548323804 41.2051
29.771548320569 50.5187
29.871548317334 47.9572
29.971548314099 54.6847
30.071548310865 52.743
30.171548307631 47.0117
30.271548304398 45.1598
30.371548301166 50.5036
30.471548297934 56.4755
30.571548294702 59.2157
30.671548291471 48.9156
30.77154828824 48.7842
30.87154828501 39.6228
30.97154828178 47.6242
31.071548278551 53.7903
31.171548275323 47.9576
31.271548272095 45.8838
31.371548268867 48.2456
31.47154826564 46.8697
31.571548262413 42.8948
31.671548259187 51.896
31.771548255962 57.9366
31.871548252737 41.1304
31.971548249513 52.5506
32.071548246289 54.4831
32.171548243065 47.3053
32.271548239843 47.4563
32.37154823662 50.536
32.471548233399 44.6988
32.571548230178 54.7156
32.671548226957 48.6161
32.771548223737 46.2333
32.871548220518 49.3296
32.971548217299 54.4867
33.071548214081 56.5578
33.171548210863 50.8329
33.271548207646 56.631
33.37154820443 56.6495
33.471548201214 52.638
33.571548197999 54.02
33.671548194785 42.9035
33.771548191571 46.0072
33.871548188357 53.1826
33.971548185145 45.9266
34.071548181933 51.2084
34.171548178721 45.4762
34.27154817551 51.0914
34.3715481723 33.117
34.471548169091 51.3048
34.571548165882 51.9183
34.671548162674 42.8077
34.771548159466 51.182
34.87154815626 47.9045
34.971548153054 57.1673
35.071548149848 46.5159
35.271548143439 43.263
35.371548140236 59.0639
35.471548137033 55.2608
35.571548133832 56.1064
35.67154813063 49.1074
35.77154812743 52.084
35.87154812423 52.6905
35.971548121031 50.9935
36.071548117833 48.5773
36.171548114635 57.63
36.271548111439 44.8679
36.371548108243 48.4985
36.471548105047 56.9479
36.571548101853 49.1534
36.671548098659 43.5391
36.771548095466 54.1873
36.871548092274 50.7925
36.971548089083 53.5218
37.071548085892 50.2327
37.171548082703 47.5596
37.271548079514 37.1525
37.371548076326 45.3771
37.471548073139 43.0012
37.571548069952 50.7216
37.671548066767 54.8876
37.771548063582 54.8111
37.871548060398 45.3443
37.971548057216 58.2385
38.071548054033 47.9913
38.171548050852 47.0785
38.271548047672 44.1124
38.371548044493 45.249
38.471548041314 49.1274
38.571548038137 52.336
38.67154803496 51.5669
38.771548031784 55.3487
38.87154802861 47.3337
38.971548025436 52.0197
39.071548022263 53.885
39.171548019091 38.7631
39.27154801592 42.7257
39.37154801275 56.5198
39.471548009581 56.2229
39.571548006413 50.7747
39.671548003246 58.908
39.771548000081 40.3975
39.871547996916 45.291
39.971547993752 48.3703
40.171547987427 52.7724
40.271547984267 54.6655
40.371547981107 49.735
40.471547977948 44.0263
40.571547974791 55.3629
40.671547971635 53.6834
40.771547968479 57.669
40.871547965325 54.4152
40.971547962172 46.4682
41.071547959021 50.9837
41.17154795587 52.3283
41.27154795272 45.4452
41.371547949572 54.5295
41.471547946425 39.0709
41.571547943279 45.2249
41.671547940134 53.4668
41.771547936991 51.2971
41.871547933849 49.6809
41.971547930708 42.7635
42.071547927568 53.5977
42.171547924429 53.7821
42.271547921292 44.7577
42.371547918156 55.4569
42.471547915021 42.6297
42.571547911888 47.3796
42.671547908756 56.6322
42.771547905626 49.8995
42.871547902496 45.9863
42.971547899368 50.1226
43.071547896242 50.3594
43.171547893117 59.1215
43.271547889993 50.4461
43.371547886871 51.1483
43.47154788375 58.5732
43.57154788063 52.247
43.671547877512 53.1233
43.771547874396 52.283
43.871547871281 47.2499
43.971547868168 37.7363
44.071547865056 51.8433
44.171547861945 47.0061
44.271547858837 60.264
44.371547855729 48.2519
44.471547852624 54.1413
44.57154784952 50.1399
44.671547846417 42.1882
44.771547843316 48.7475
44.871547840217 53.0188
44.97154783712 58.3568
45.071547834024 49.5051
45.17154783093 57.1094
45.271547827838 49.4522
45.371547824747 57.4478
45.471547821658 50.8478
45.571547818571 54.0473
45.671547815486 48.8505
45.771547812402 56.9934
45.871547809321 47.7438
45.971547806241 59.6332
46.071547803163 42.4688
46.171547800087 57.7108
46.271547797013 39.7542
46.371547793941 57.0967
46.471547790871 59.9592
46.571547787803 47.37
46.671547784737 39.1301
46.771547781672 52.1446
46.87154777861 61.4925
46.97154777555 58.0996
47.071547772492 45.2713
47.171547769436 54.0501
47.271547766383 56.6933
47.371547763331 52.1605
47.471547760282 59.1719
47.571547757235 52.653
47.67154775419 54.1107
47.771547751147 49.1847
47.871547748107 51.1295
47.971547745069 52.0471
48.071547742033 51.689
48.171547739 46.5937
48.271547735969 57.4412
48.37154773294 56.6528
48.471547729914 58.8867
48.57154772689 49.115
48.671547723869 60.1926
48.77154772085 52.6707
48.871547717834 56.1229
48.971547714821 49.7054
49.07154771181 57.4027
49.171547708802 57.6963
49.271547705796 40.6478
49.371547702794 50.088
49.471547699793 50.7674
49.571547696796 55.2405
49.671547693802 60.183
49.77154769081 48.2704
49.871547687821 57.423
49.971547684835 53.4144
50.071547681852 59.1252
50.171547678873 56.0561
50.271547675896 60.2387
50.371547672922 57.91
50.471547669951 51.0526
50.571547666983 54.68
50.671547664019 54.6371
50.771547661058 57.3095
50.8715476581 61.0762
50.971547655145 46.373
51.071547652194 59.1413
51.171547649245 49.9377
51.271547646301 45.8144
51.37154764336 51.1558
51.471547640422 53.204
51.571547637488 51.9445
51.671547634557 55.3559
51.77154763163 55.6451
51.871547628707 53.9798
51.971547625788 57.7289
52.071547622872 59.9825
52.17154761996 50.2281
52.271547617052 57.9115
52.371547614148 54.7558
52.471547611247 51.2867
52.571547608351 51.8544
52.671547605459 53.5537
52.771547602571 62.991
52.871547599687 47.203
52.971547596808 42.6374
53.071547593933 55.5613
53.171547591062 58.5492
53.271547588195 48.9423
53.371547585333 53.3301
53.471547582476 64.127
53.571547579623 56.3093
53.671547576774 52.9234
53.771547573931 59.1775
53.871547571092 55.1545
53.971547568258 55.142
54.071547565429 42.0842
54.171547562604 52.7039
54.271547559785 56.9023
54.371547556971 60.9042
54.471547554162 56.1549
54.571547551359 50.1563
54.67154754856 59.0116
54.771547545767 55.9171
54.87154754298 43.9765
54.971547540198 60.8418
55.071547537422 57.6797
55.171547534651 53.1293
55.271547531886 56.1065
55.371547529127 56.3551
55.471547526374 58.1162
55.571547523627 57.9294
55.671547520886 49.0448
55.771547518151 51.0215
55.871547515423 61.6166
55.971547512701 51.2504
56.071547509985 57.7876
56.171547507276 60.0194
56.271547504573 57.9737
56.371547501877 52.5115
56.471547499188 56.1024
56.571547496506 55.2746
56.671547493831 57.5911
56.771547491164 53.2686
56.871547488503 56.786
56.97154748585 60.5967
57.071547483204 59.9137
57.171547480566 55.5849
57.271547477935 57.8579
57.371547475312 60.614
57.471547472697 56.4302
57.57154747009 62.3371
57.671547467491 60.8334
57.771547464901 50.0103
57.871547462319 57.2965
57.971547459745 60.2089
58.07154745718 62.719
58.171547454623 45.9886
58.271547452076 61.254
58.371547449538 60.0067
58.471547447008 61.1456
58.571547444488 58.7267
58.671547441978 63.8434
58.771547439477 59.4252
58.871547436985 59.0884
58.971547434504 50.4484
59.071547432032 61.3302
59.171547429571 62.8794
59.27154742712 60.1159
59.371547424679 57.6061
59.471547422249 55.653
59.57154741983 64.3968
59.671547417422 44.111
59.771547415024 55.2154
59.871547412638 53.241
59.971547410264 54.3878
60.071547407901 60.9099
60.17154740555 62.0976
60.271547403211 51.3511
60.371547400884 62.2254
60.471547398569 51.5063
60.571547396267 55.9118
60.671547393978 57.7849
60.771547391701 58.1092
60.871547389438 57.0951
60.971547387187 63.869
61.071547384951 57.8848
61.171547382728 58.6469
61.271547380519 56.3261
61.371547378324 59.1243
61.471547376143 63.917
61.571547373977 60.1822
61.671547371825 63.527
61.771547369689 62.3541
61.871547367568 53.1778
61.971547365462 62.7675
62.071547363371 57.7681
62.171547361297 58.42
62.271547359239 64.4761
62.371547357197 51.1412
62.471547355172 61.9831
62.571547353163 51.2591
62.671547351172 47.1263
62.771547349198 62.6431
62.971547345302 62.6524
63.071547343382 57.7318
63.171547341479 63.8964
63.271547339596 59.3484
63.371547337731 64.207
63.471547335885 58.51
63.571547334059 61.5662
63.671547332252 66.2379
63.771547330465 60.2197
63.871547328698 56.5276
63.971547326952 63.9592
64.071547325227 60.4944
64.171547323522 53.8634
64.271547321839 59.4588
64.371547320178 66.5749
64.471547318538 57.5095
64.57154731692 51.7372
64.671547315325 62.2073
64.771547313753 45.3986
64.871547312203 53.8219
64.971547310677 65.8465
65.071547309174 52.626
65.171547307696 63.1748
65.271547306241 61.9433
65.371547304811 60.0193
65.471547303406 66.9322
65.571547302025 59.8826
65.67154730067 56.3702
65.77154729934 55.4742
65.871547298036 59.5411
65.971547296759 52.0106
66.071547295507 47.2094
66.171547294283 62.7222
66.271547293085 54.052
66.371547291915 56.2367
66.471547290772 62.9819
66.571547289657 64.8105
66.67154728857 66.5756
66.771547287511 62.6223
66.871547286481 64.8041
66.971547285479 56.7124
67.071547284507 54.3189
67.171547283564 60.9275
67.27154728265 56.5703
67.371547281766 62.6704
67.471547280912 51.4426
67.571547280089 66.3003
67.671547279295 63.2338
67.771547278533 53.0312
67.871547277801 66.4219
67.971547277101 59.8531
68.071547276431 46.4448
68.171547275793 59.7032
68.271547275187 65.3136
68.371547274612 60.4412
68.47154727407 65.5011
68.571547273559 58.3467
68.671547273081 58.5902
68.771547272635 61.8968
68.871547272221 65.0114
68.97154727184 52.7378
69.071547271492 63.3368
69.171547271177 55.9928
69.271547270895 61.6995
69.371547270646 56.2234
69.471547270429 63.4597
69.571547270246 61.4037
69.671547270096 53.1798
69.77154726998 61.6819
69.871547269896 46.5942
69.971547269846 66.5697
70.07154726983 53.0606
70.171547269846 56.3787
70.271547269896 57.6613
70.37154726998 61.7958
70.471547270096 64.3535
70.571547270246 61.5066
70.671547270429 64.4136
70.771547270646 67.1831
70.871547270895 58.1509
70.971547271177 68.8644
71.071547271492 61.6124
71.17154727184 52.6627
71.271547272221 57.1821
71.371547272635 62.2495
71.471547273081 59.8859
71.571547273559 57.9803
71.67154727407 58.7883
71.771547274612 62.5415
71.871547275187 61.6197
71.971547275793 62.1678
72.071547276431 64.2261
72.171547277101 58.1549
72.271547277801 57.2045
72.371547278533 53.8016
72.471547279295 58.5434
72.571547280089 58.0351
72.671547280912 60.6125
72.771547281766 59.5242
72.87154728265 61.6198
72.971547283564 55.9967
73.071547284507 55.4221
73.171547285479 52.8778
73.271547286481 56.1387
73.371547287511 57.8865
73.47154728857 60.8044
73.571547289657 63.8504
73.671547290772 62.2378
73.771547291915 50.6077
73.871547293085 63.8049
73.971547294283 61.8434
74.071547295507 59.7554
74.171547296759 64.4342
74.271547298036 63.8489
74.37154729934 64.3554
74.47154730067 63.38
74.571547302025 59.4885
74.671547303406 63.6026
74.771547304811 66.7089
74.871547306241 66.1785
74.971547307696 56.2708
75.071547309174 51.1307
75.171547310677 65.8387
75.271547312203 63.1653
75.371547313753 61.2413
75.471547315325 66.3581
75.57154731692 47.9507
75.671547318538 61.3915
75.771547320178 63.4042
75.871547321839 61.8271
75.971547323522 60.2656
76.071547325227 50.201
76.171547326952 56.7846
76.271547328698 60.4123
76.371547330465 59.2971
76.471547332252 58.6464
76.571547334059 61.7032
76.671547335885 55.3786
76.771547337731 59.8522
76.871547339596 42.8717
76.971547341479 55.2872
77.071547343382 69.0549
77.171547345302 62.2749
77.271547347241 51.7884
77.371547349198 58.7123
77.471547351172 61.1667
77.571547353163 61.2395
77.671547355172 61.2676
77.771547357197 64.1924
77.871547359239 61.3176
77.971547361297 53.1062
78.071547363371 60.3609
78.171547365462 58.1362
78.271547367568 59.1984
78.371547369689 55.1084
78.471547371825 61.0942
78.571547373977 53.7785
78.671547376143 62.1078
78.771547378324 66.3035
78.871547380519 66.2017
78.971547382728 65.499
79.071547384951 66.4204
79.171547387187 57.6655
79.271547389438 56.8039
79.371547391701 51.2716
79.471547393978 60.2581
79.571547396267 63.5998
79.671547398569 58.8706
79.771547400884 64.4206
79.871547403211 62.8762
79.97154740555 65.3472
80.071547407901 58.9263
80.171547410264 55.7475
80.271547412638 58.6008
80.371547415024 62.0527
80.471547417422 61.6472
80.57154741983 62.9652
80.671547422249 60.7418
80.771547424679 58.7737
80.87154742712 60.0326
80.971547429571 59.0528
81.071547432032 62.2202
81.171547434504 59.1715
81.271547436985 60.7738
81.371547439477 59.2219
81.471547441978 53.4942
81.571547444488 46.2622
81.671547447008 58.2014
81.771547449538 55.1191
81.871547452076 63.9369
81.971547454623 49.2157
82.07154745718 59.3049
82.171547459745 60.3205
82.271547462319 52.6579
82.371547464901 45.7426
82.471547467491 58.3222
82.57154747009 56.0179
82.671547472697 60.042
82.771547475312 63.1256
82.871547477935 58.9095
82.971547480566 54.7545
83.071547483204 46.2543
83.17154748585 59.8541
83.271547488503 60.7641
83.371547491164 58.3522
83.471547493831 52.2482
83.571547496506 51.3022
83.671547499188 47.14
83.771547501877 64.2412
83.871547504573 54.3311
83.971547507276 59.8547
84.071547509985 61.924
84.171547512701 54.3244
84.271547515423 44.896
84.371547518151 54.3862
84.471547520886 43.5757
84.571547523627 57.4439
84.671547526374 54.0801
84.771547529127 49.2553
84.871547531886 55.7082
84.971547534651 58.044
85.071547537422 52.1467
85.171547540198 61.0773
85.27154754298 64.2565
85.371547545767 46.4247
85.47154754856 55.0475
85.571547551359 53.7382
85.671547554162 61.9349
85.771547556971 55.5082
85.871547559785 61.6451
85.971547562604 53.5645
86.071547565429 59.5016
86.171547568258 49.5059
86.271547571092 55.1695
86.371547573931 55.3326
86.471547576774 55.938
86.571547579623 52.1988
86.671547582476 57.4376
86.771547585333 57.6562
86.871547588195 56.0439
86.971547591062 62.5982
87.071547593933 48.5073
87.171547596808 61.4313
87.271547599687 42.5111
87.371547602571 55.8531
87.471547605459 57.6486
87.571547608351 64.8948
87.671547611247 49.6534
87.771547614148 56.2046
87.871547617052 58.5661
87.97154761996 55.1203
88.071547622872 56.0893
88.171547625788 45.6501
88.271547628707 59.4302
88.37154763163 63.2154
88.471547634557 53.829
88.571547637488 33.0287
88.671547640422 53.9822
88.77154764336 56.3775
88.871547646301 54.0727
88.971547649245 52.7242
89.071547652194 58.2427
89.171547655145 54.3285
89.2715476581 53.8313
89.371547661058 59.5992
89.471547664019 51.3422
89.571547666983 54.1814
89.671547669951 40.8151
89.771547672922 60.4547
89.871547675896 58.5642
89.971547678873 52.2185
90.071547681852 57.7895
90.171547684835 54.7608
90.271547687821 55.3519
90.37154769081 54.1551
90.471547693802 49.5115
90.571547696796 45.8276
90.671547699793 46.8251
90.771547702794 52.56
90.871547705796 56.9704
90.971547708802 55.0691
91.07154771181 49.3332
91.171547714821 54.0595
91.271547717834 57.5411
91.37154772085 58.0789
91.471547723869 54.8787
91.57154772689 54.0793
91.671547729914 55.9145
91.77154773294 57.1814
91.871547735969 52.2036
91.971547739 57.7921
92.071547742033 54.5665
92.171547745069 59.2327
92.271547748107 58.2223
92.371547751147 56.8988
92.47154775419 57.4259
92.571547757235 52.2138
92.671547760282 49.2266
92.771547763331 58.5515
92.871547766383 59.35
92.971547769436 55.2542
93.071547772492 43.2008
93.17154777555 56.4809
93.27154777861 49.9168
93.371547781672 47.7531
93.471547784737 49.3487
93.571547787803 58.1635
93.671547790871 58.2911
93.771547793941 50.6911
93.871547797013 56.7315
93.971547800087 45.7545
94.071547803163 40.1475
94.171547806241 53.4182
94.271547809321 50.6335
94.371547812402 57.9506
94.471547815486 46.6884
94.571547818571 55.511
94.671547821658 46.8572
94.771547824747 56.1563
94.97154783093 56.4569
95.071547834024 52.1567
95.17154783712 54.1465
95.271547840217 59.3394
95.371547843316 53.83
95.471547846417 59.4143
95.57154784952 38.3044
95.671547852624 55.6659
95.771547855729 57.9978
95.871547858837 53.4606
95.971547861945 53.3326
96.071547865056 55.2449
96.171547868168 56.7936
96.271547871281 51.9124
96.371547874396 57.1135
96.471547877512 48.9073
96.57154788063 55.7989
96.67154788375 36.8012
96.771547886871 53.0395
96.871547889993 56.4538
96.971547893117 51.1705
97.071547896242 48.7808
97.171547899368 53.5132
97.271547902496 47.5853
97.371547905626 48.2225
97.471547908756 46.2785
97.571547911888 46.1423
97.671547915021 49.8655
97.771547918156 40.7408
97.871547921292 53.3228
97.971547924429 55.206
98.071547927568 52.3173
98.171547930708 59.8618
98.271547933849 55.2485
98.371547936991 61.5623
98.471547940134 51.298
98.571547943279 55.4658
98.671547946425 40.0705
98.771547949572 57.9297
98.87154795272 53.3932
98.97154795587 49.2098
99.071547959021 59.1385
99.171547962172 51.408
99.271547965325 57.7912
99.371547968479 47.4557
99.471547971635 51.4445
99.571547974791 47.4448
99.671547977948 51.027
99.771547981107 55.9538
99.871547984267 51.9548
99.971547987427 55.8294
