0.0715493 43.6955
0.171549 43.793
0.266583 43.8256
0.271549 43.8203
0.371549 43.7737
0.471549 43.8649
0.571549 43.8005
0.671549 43.8925
0.771549 43.9612
0.971549 44.0334
1.07155 43.9907
1.17155 44.0887
1.27155 44.1506
1.37155 44.2927
1.47155 44.3962
1.57155 44.4102
1.67155 44.2715
1.77155 44.2153
1.97155 44.2924
2.07155 44.4064
2.17155 44.2106
2.27155 44.1598
2.37155 44.2554
2.47155 44.1756
2.57155 44.2586
2.67155 44.2732
2.77155 44.2554
2.87155 44.2438
2.97155 44.2576
3.07155 44.3449
3.17155 44.4047
3.27155 44.4882
3.37155 44.4832
3.47155 44.4789
3.57155 44.4344
3.67155 44.3347
3.77155 44.4236
3.87155 44.474
3.97155 44.4769
4.07155 44.5589
4.17155 44.5228
4.27155 44.5706
4.37155 44.463
4.47155 44.4937
4.57155 44.4267
4.67155 44.3103
4.77155 44.2481
4.87155 44.298
4.97155 44.1913
5.07155 44.3014
5.17155 44.3428
5.27155 44.4741
5.37155 44.5381
5.47155 44.6203
5.57155 44.6034
5.67155 44.6176
5.77155 44.5773
5.87155 44.537
5.97155 44.6893
6.07155 44.6954
6.17155 44.7957
6.27155 44.8046
6.37155 44.8946
6.47155 44.9337
6.57155 44.7551
6.67155 44.8646
6.77155 44.7351
6.87155 44.6713
6.97155 44.5115
7.07155 44.5934
7.17155 44.5943
7.37155 44.6111
7.47155 44.657
7.57155 44.7754
7.67155 44.8422
7.77155 44.7052
7.87155 44.8237
7.97155 44.9199
8.07155 44.8111
8.17155 44.8003
8.27155 44.7966
8.37155 44.7962
8.47155 44.8975
8.57155 44.8571
8.67155 44.8905
8.77155 44.7214
8.87155 44.7923
8.97155 44.8552
9.07155 44.8128
9.17155 44.9283
9.27155 44.9824
9.37155 45.0156
9.47155 45.0932
9.57155 45.0311
9.67155 45.0844
9.77155 45.1607
9.87155 45.1858
9.97155 45.1804
10.0715 45.0629
10.1715 45.1385
10.2715 45.0058
10.3715 44.9611
10.4715 44.7988
10.5715 44.8264
10.6715 44.8535
10.7715 44.9062
10.8715 44.8018
10.9715 44.8194
11.0715 44.958
11.1715 45.0681
11.2715 45.0514
11.3715 44.9783
11.4715 45.024
11.5715 44.8857
11.6715 44.9576
11.7715 44.7537
11.8715 44.7638
11.9715 44.6686
12.0715 44.6467
12.1715 44.6803
12.2715 44.6921
12.3715 44.7341
12.4715 44.7824
12.5715 44.8825
12.6715 44.9376
12.7715 44.9922
12.8715 45.0351
12.9715 45.0742
13.0715 45.1602
13.1715 45.2054
13.2715 45.0046
13.3715 45.0573
13.4715 45.0212
13.5715 45.1057
13.6715 45.1852
13.7715 45.2408
13.8715 45.3117
13.9715 45.3946
14.0715 45.4633
14.1715 45.4916
14.2715 45.5707
14.3715 45.6236
14.4715 45.6229
14.5715 45.6733
14.6715 45.7017
14.7715 45.6709
14.8715 45.7094
14.9715 45.7872
15.0715 45.6662
15.1715 45.8103
15.2715 45.9184
15.3715 45.9405
15.4715 45.8765
15.5715 45.7537
15.6715 45.6586
15.7715 45.6158
15.8715 45.6698
15.9715 45.7573
16.0715 45.5943
16.1715 45.5161
16.2715 45.6265
16.3715 45.7094
16.4715 45.749
16.5715 45.7913
16.6715 45.9296
16.7715 45.9819
16.8715 46.0184
16.9715 46.116
17.0715 45.92
17.2715 45.9741
17.3715 45.9396
17.4715 46.0376
17.5715 45.9466
17.6715 45.8951
17.7715 45.9669
17.8715 45.8202
17.9715 45.8262
18.0715 45.8833
18.1715 45.8606
18.2715 45.857
18.3715 45.9565
18.4715 46.0017
18.5715 46.0787
18.6715 46.1548
18.7715 46.1833
18.8715 46.1584
18.9715 46.2206
19.0715 46.154
19.1715 46.2771
19.2715 46.254
19.3715 46.222
19.4715 46.2336
19.5715 46.2189
19.6715 46.3487
19.7715 46.3673
19.8715 46.3644
19.9715 46.3871
20.0715 46.3835
20.1715 46.3915
20.2715 46.2035
20.3715 46.0382
20.4715 45.9991
20.5715 45.937
20.7715 46.1201
20.8715 45.9929
21.0715 46.0922
21.1715 46.0869
21.2715 46.1513
21.3715 46.1104
21.4715 46.041
21.5715 45.9983
21.6715 46.0718
21.7715 46.1474
21.8715 46.2323
21.9715 46.3253
22.0715 46.3634
22.1715 46.3372
22.2715 46.3551
22.3715 46.446
22.4715 46.5624
22.5715 46.6494
22.6715 46.6581
22.7715 46.6029
22.8715 46.6497
22.9715 46.7619
23.0715 46.8048
23.1715 46.7912
23.2715 46.8965
23.3715 46.9433
23.4715 47.0388
23.5715 47.0615
23.6715 47.0279
23.7715 47.0865
23.8715 47.1283
23.9715 46.9944
24.0715 46.9774
24.1715 47.0124
24.2715 46.9905
24.3715 47.0729
24.4715 47.056
24.5715 47.0819
24.6715 47.1531
24.7715 47.2563
24.8715 47.3623
24.9715 47.3415
25.0715 47.2755
25.1715 47.0974
25.3715 47.1231
25.4715 47.189
25.5715 47.3081
25.6715 47.2217
25.7715 47.2868
25.8715 47.0796
25.9715 47.1883
26.0715 47.2946
26.1715 47.2294
26.2715 47.1964
26.3715 47.2513
26.4715 47.3953
26.5715 47.3654
26.6715 47.4256
26.7715 47.4816
26.8715 47.5061
26.9715 47.515
27.0715 47.5021
27.1715 47.5076
27.2715 47.5702
27.3715 47.4411
27.4715 47.4783
27.5715 47.3893
27.6715 47.3969
27.7715 47.4887
27.8715 47.4928
27.9715 47.5771
28.0715 47.5598
28.1715 47.5647
28.2715 47.6226
28.3715 47.5999
28.4715 47.6538
28.5715 47.6641
28.6715 47.6235
28.7715 47.7215
28.8715 47.7878
28.9715 47.766
29.0715 47.8732
29.1715 47.9896
29.2715 48.0324
29.3715 47.9738
29.4715 47.9762
29.5715 47.9585
29.6715 47.8529
29.7715 47.8946
29.8715 47.8956
29.9715 48.0017
30.0715 48.0757
30.1715 48.0591
30.2715 48.0138
30.3715 48.0527
30.4715 48.1843
30.5715 48.3567
30.6715 48.3654
30.7715 48.372
30.8715 48.2353
30.9715 48.2257
31.0715 48.3127
31.1715 48.3071
31.2715 48.2693
31.3715 48.2689
31.4715 48.247
31.5715 48.1634
31.6715 48.2217
31.7715 48.3735
31.8715 48.2603
31.9715 48.3274
32.0715 48.4236
32.1715 48.4061
32.2715 48.3913
32.3715 48.4248
32.4715 48.3665
32.5715 48.4658
32.6715 48.4681
32.7715 48.4332
32.8715 48.4472
32.9715 48.5416
33.0715 48.6668
33.1715 48.7007
33.2715 48.8246
33.3715 48.9469
33.4715 49.0045
33.5715 49.0829
33.6715 48.9864
33.7715 48.9398
33.8715 49.0061
33.9715 48.958
34.0715 48.9931
34.1715 48.9382
34.2715 48.9718
34.3715 48.7241
34.4715 48.7644
34.5715 48.8137
34.6715 48.7198
34.7715 48.7583
34.8715 48.745
34.9715 48.8766
35.0715 48.8397
35.2715 48.7526
35.3715 48.9137
35.4715 49.0129
35.5715 49.1237
35.6715 49.1234
35.7715 49.1697
35.8715 49.2247
35.9715 49.2524
36.0715 49.2418
36.1715 49.3729
36.2715 49.3025
36.3715 49.2899
36.4715 49.4096
36.5715 49.4056
36.6715 49.3139
36.7715 49.3901
36.8715 49.412
36.9715 49.4762
37.0715 49.488
37.1715 49.4579
37.2715 49.2656
37.3715 49.2048
37.4715 49.1079
37.5715 49.1331
37.6715 49.223
37.7715 49.3104
37.8715 49.2484
37.9715 49.3889
38.0715 49.367
38.1715 49.3313
38.2715 49.2497
38.3715 49.1872
38.4715 49.1863
38.5715 49.2355
38.6715 49.2719
38.7715 49.3669
38.8715 49.3351
38.9715 49.3771
39.0715 49.4475
39.1715 49.2805
39.2715 49.1781
39.3715 49.2928
39.4715 49.4011
39.5715 49.4226
39.6715 49.5708
39.7715 49.4275
39.8715 49.3628
39.9715 49.3473
40.1715 49.4008
40.2715 49.4831
40.3715 49.487
40.4715 49.4017
40.5715 49.4949
40.6715 49.5603
40.7715 49.687
40.8715 49.7609
40.9715 49.7094
41.0715 49.7294
41.1715 49.77
41.2715 49.7024
41.3715 49.7778
41.4715 49.6105
41.5715 49.542
41.6715 49.6033
41.7715 49.6298
41.8715 49.6306
41.9715 49.5233
42.0715 49.5869
42.1715 49.6525
42.2715 49.576
42.3715 49.6679
42.4715 49.5579
42.5715 49.5239
42.6715 49.635
42.7715 49.6391
42.8715 49.582
42.9715 49.5905
43.0715 49.6025
43.1715 49.7512
43.2715 49.7621
43.3715 49.7837
43.4715 49.9211
43.5715 49.9574
43.6715 50.0069
43.7715 50.0425
43.8715 49.9988
43.9715 49.8072
44.0715 49.839
44.1715 49.7948
44.2715 49.9584
44.3715 49.9317
44.4715 49.9975
44.5715 49.9997
44.6715 49.8776
44.7715 49.86
44.8715 49.9093
44.9715 50.0413
45.0715 50.033
45.1715 50.1435
45.2715 50.1327
45.3715 50.247
45.4715 50.2564
45.5715 50.3157
45.6715 50.2928
45.7715 50.3975
45.8715 50.356
45.9715 50.501
46.0715 50.3755
46.1715 50.4901
46.2715 50.3223
46.3715 50.4282
46.4715 50.5771
46.5715 50.527
46.6715 50.3489
46.7715 50.377
46.8715 50.5507
46.9715 50.6686
47.0715 50.5843
47.1715 50.6384
47.2715 50.733
47.3715 50.7554
47.4715 50.8869
47.5715 50.9145
47.6715 50.9644
47.7715 50.9366
47.8715 50.9396
47.9715 50.9569
48.0715 50.9684
48.1715 50.9
48.2715 51.0022
48.3715 51.0905
48.4715 51.2123
48.5715 51.1796
48.6715 51.3204
48.7715 51.3415
48.8715 51.4162
48.9715 51.3895
49.0715 51.4834
49.1715 51.5805
49.2715 51.4097
49.3715 51.389
49.4715 51.3793
49.5715 51.4397
49.6715 51.5763
49.7715 51.5246
49.8715 51.6168
49.9715 51.6449
50.0715 51.7618
50.1715 51.8289
50.2715 51.9603
50.3715 52.0533
50.4715 52.0376
50.5715 52.0789
50.6715 52.1189
50.7715 52.2
50.8715 52.3387
50.9715 52.2455
51.0715 52.3532
51.1715 52.3155
51.2715 52.2139
51.3715 52.1974
51.4715 52.2131
51.5715 52.2089
51.6715 52.2581
51.7715 52.311
51.8715 52.3371
51.9715 52.4213
52.0715 52.5395
52.1715 52.5034
52.2715 52.5879
52.3715 52.6217
52.4715 52.6009
52.5715 52.5892
52.6715 52.6043
52.7715 52.7666
52.8715 52.6797
52.9715 52.5227
53.0715 52.5702
53.1715 52.6636
53.2715 52.6055
53.3715 52.6168
53.4715 52.7967
53.5715 52.8516
53.6715 52.8527
53.7715 52.9515
53.8715 52.9859
53.9715 53.0196
54.0715 52.8488
54.1715 52.8465
54.2715 52.9099
54.3715 53.0348
54.4715 53.0835
54.5715 53.0378
54.6715 53.1311
54.7715 53.1747
54.8715 53.0309
54.9715 53.153
55.0715 53.2237
55.1715 53.2223
55.2715 53.2673
55.3715 53.3156
55.4715 53.3906
55.5715 53.4615
55.6715 53.3925
55.7715 53.3555
55.8715 53.4845
55.9715 53.4496
56.0715 53.5174
56.1715 53.619
56.2715 53.6871
56.3715 53.6687
56.4715 53.7067
56.5715 53.7312
56.6715 53.7915
56.7715 53.7834
56.8715 53.8303
56.9715 53.936
57.0715 54.0294
57.1715 54.0537
57.2715 54.1132
57.3715 54.2148
57.4715 54.2494
57.5715 54.3758
57.6715 54.4767
57.7715 54.4069
57.8715 54.452
57.9715 54.542
58.0715 54.6698
58.1715 54.5341
58.2715 54.6391
58.3715 54.723
58.4715 54.8233
58.5715 54.8843
58.6715 55.0243
58.7715 55.0931
58.8715 55.1555
58.9715 55.082
59.0715 55.1796
59.1715 55.2999
59.2715 55.3752
59.3715 55.41
59.4715 55.4138
59.5715 55.5542
59.6715 55.3754
59.7715 55.3729
59.8715 55.3396
59.9715 55.3247
60.0715 55.412
60.1715 55.5164
60.2715 55.4514
60.3715 55.5572
60.4715 55.4939
60.5715 55.5004
60.6715 55.5361
60.7715 55.5763
60.8715 55.6001
60.9715 55.7293
61.0715 55.763
61.1715 55.808
61.2715 55.8161
61.3715 55.8678
61.4715 55.9936
61.5715 56.0591
61.6715 56.1757
61.7715 56.2723
61.8715 56.2239
61.9715 56.3262
62.0715 56.3487
62.1715 56.3811
62.2715 56.5076
62.3715 56.4237
62.4715 56.5106
62.5715 56.4285
62.6715 56.2832
62.7715 56.3826
62.9715 56.4805
63.0715 56.5001
63.1715 56.6157
63.2715 56.6584
63.3715 56.7763
63.4715 56.8034
63.5715 56.8778
63.6715 57.0241
63.7715 57.074
63.8715 57.0655
63.9715 57.1732
64.0715 57.2251
64.1715 57.1726
64.2715 57.2083
64.3715 57.3547
64.4715 57.3571
64.5715 57.2693
64.6715 57.3464
64.7715 57.1597
64.8715 57.1076
64.9715 57.2441
65.0715 57.172
65.1715 57.2658
65.2715 57.3389
65.3715 57.3807
65.4715 57.53
65.5715 57.5667
65.6715 57.5481
65.7715 57.5156
65.8715 57.5473
65.9715 57.4608
66.0715 57.3006
66.1715 57.3853
66.2715 57.3332
66.3715 57.3161
66.4715 57.4046
66.5715 57.5203
66.6715 57.6618
66.7715 57.7394
66.8715 57.8498
66.9715 57.832
67.0715 57.7771
67.1715 57.8263
67.2715 57.8067
67.3715 57.8827
67.4715 57.7821
67.5715 57.9152
67.6715 57.9983
67.7715 57.9207
67.8715 58.0535
67.9715 58.0816
68.0715 57.8998
68.1715 57.928
68.2715 58.0434
68.3715 58.0808
68.4715 58.1968
68.5715 58.1991
68.6715 58.2052
68.7715 58.2629
68.8715 58.3684
68.9715 58.2804
69.0715 58.3594
69.1715 58.3224
69.2715 58.3752
69.3715 58.3416
69.4715 58.4215
69.5715 58.4681
69.6715 58.3855
69.7715 58.437
69.8715 58.252
69.9715 58.3819
70.0715 58.2988
70.1715 58.2688
70.2715 58.2593
70.3715 58.3145
70.4715 58.4089
70.5715 58.4573
70.6715 58.5504
70.7715 58.6853
70.8715 58.6769
70.9715 58.8361
71.0715 58.8795
71.1715 58.7824
71.2715 58.7574
71.3715 58.8119
71.4715 58.8287
71.5715 58.8154
71.6715 58.815
71.7715 58.8733
71.8715 58.9162
71.9715 58.967
72.0715 59.0492
72.1715 59.0352
72.2715 59.0066
72.3715 58.9252
72.4715 58.9193
72.5715 58.9055
72.6715 58.9321
72.7715 58.9414
72.8715 58.9832
72.9715 58.9366
73.0715 58.8817
73.1715 58.7878
73.2715 58.7464
73.3715 58.733
73.4715 58.7654
73.5715 58.8448
73.6715 58.8979
73.7715 58.7683
73.8715 58.847
73.9715 58.8938
74.0715 58.9073
74.1715 58.9937
74.2715 59.0695
74.3715 59.1521
74.4715 59.2182
74.5715 59.2224
74.6715 59.2909
74.7715 59.4068
74.8715 59.5126
74.9715 59.4619
75.0715 59.3317
75.1715 59.4334
75.2715 59.4917
75.3715 59.5191
75.4715 59.6259
75.5715 59.4435
75.6715 59.4739
75.7715 59.5354
75.8715 59.5712
75.9715 59.582
76.0715 59.4354
76.1715 59.394
76.2715 59.4099
76.3715 59.4082
76.4715 59.3963
76.5715 59.4323
76.6715 59.369
76.7715 59.3765
76.8715 59.1186
76.9715 59.0587
77.0715 59.2149
77.1715 59.2628
77.2715 59.146
77.3715 59.1392
77.4715 59.1709
77.5715 59.2032
77.6715 59.2354
77.7715 59.3129
77.8715 59.3442
77.9715 59.2468
78.0715 59.2642
78.1715 59.2465
78.2715 59.2458
78.3715 59.1811
78.4715 59.211
78.5715 59.1261
78.6715 59.1727
78.7715 59.2842
78.8715 59.3923
78.9715 59.4877
79.0715 59.596
79.1715 59.5658
79.2715 59.5227
79.3715 59.3938
79.4715 59.4073
79.5715 59.4728
79.6715 59.4634
79.7715 59.5408
79.8715 59.5929
79.9715 59.6829
80.0715 59.671
80.1715 59.6097
80.2715 59.594
80.3715 59.6324
80.4715 59.6639
80.5715 59.7155
80.6715 59.7315
80.7715 59.7165
80.8715 59.7215
80.9715 59.711
81.0715 59.7502
81.1715 59.7412
81.2715 59.7573
81.3715 59.7489
81.4715 59.6512
81.5715 59.442
81.6715 59.4226
81.7715 59.3554
81.8715 59.427
81.9715 59.2674
82.0715 59.268
82.1715 59.2844
82.2715 59.1809
82.3715 58.9709
82.4715 58.9608
82.5715 58.9148
82.6715 58.9324
82.7715 58.9979
82.8715 58.9965
82.9715 58.9302
83.0715 58.7322
83.1715 58.7497
83.2715 58.7812
83.3715 58.7745
83.4715 58.6725
83.5715 58.5573
83.6715 58.3789
83.7715 58.4705
83.8715 58.4058
83.9715 58.4285
84.0715 58.4831
84.1715 58.4181
84.2715 58.2068
84.3715 58.1471
84.4715 57.9194
84.5715 57.912
84.6715 57.8521
84.7715 57.7178
84.8715 57.6864
84.9715 57.692
85.0715 57.6053
85.1715 57.6596
85.2715 57.7627
85.3715 57.5855
85.4715 57.5458
85.5715 57.4863
85.6715 57.5558
85.7715 57.5238
85.8715 57.5882
85.9715 57.5254
86.0715 57.5563
86.1715 57.4305
86.2715 57.3951
86.3715 57.3629
86.4715 57.3406
86.5715 57.2603
86.6715 57.2631
86.7715 57.2692
86.8715 57.2501
86.9715 57.3336
87.0715 57.1957
87.1715 57.2619
87.2715 57.0314
87.3715 57.013
87.4715 57.0229
87.5715 57.1459
87.6715 57.0288
87.7715 57.016
87.8715 57.0402
87.9715 57.0102
88.0715 56.9958
88.1715 56.8185
88.2715 56.8593
88.3715 56.9586
88.4715 56.9097
88.5715 56.5366
88.6715 56.4967
88.7715 56.4948
88.8715 56.4569
88.9715 56.3986
89.0715 56.4274
89.1715 56.3946
89.2715 56.3546
89.3715 56.4053
89.4715 56.3262
89.5715 56.2927
89.6715 56.0508
89.7715 56.1196
89.8715 56.1578
89.9715 56.0963
90.0715 56.1227
90.1715 56.1014
90.2715 56.0897
90.3715 56.0595
90.4715 55.9572
90.5715 55.7989
90.6715 55.6587
90.7715 55.6102
90.8715 55.6315
90.9715 55.6227
91.0715 55.5244
91.1715 55.5015
91.2715 55.5334
91.3715 55.5732
91.4715 55.5623
91.5715 55.5392
91.6715 55.545
91.7715 55.5706
91.8715 55.518
91.9715 55.5535
92.0715 55.5381
92.1715 55.5958
92.2715 55.6369
92.3715 55.6566
92.4715 55.6842
92.5715 55.63
92.6715 55.5299
92.7715 55.5772
92.8715 55.6361
92.9715 55.6301
93.0715 55.4359
93.1715 55.4523
93.2715 55.3658
93.3715 55.2468
93.4715 55.1546
93.5715 55.2017
93.6715 55.2499
93.7715 55.1787
93.8715 55.203
93.9715 55.0553
94.0715 54.8224
94.1715 54.8004
94.2715 54.7353
94.3715 54.7856
94.4715 54.659
94.5715 54.6723
94.6715 54.5502
94.7715 54.5753
94.9715 54.6047
95.0715 54.5665
95.1715 54.5599
95.2715 54.6346
95.3715 54.622
95.4715 54.6969
95.5715 54.4408
95.6715 54.4599
95.7715 54.5152
95.8715 54.4987
95.9715 54.4805
96.0715 54.4924
96.1715 54.5284
96.2715 54.4875
96.3715 54.5285
96.4715 54.4407
96.5715 54.4619
96.6715 54.186
96.7715 54.168
96.8715 54.2038
96.9715 54.1564
97.0715 54.0724
97.1715 54.0636
97.2715 53.9624
97.3715 53.8727
97.4715 53.754
97.5715 53.6351
97.6715 53.5762
97.7715 53.3756
97.8715 53.3748
97.9715 53.4034
98.0715 53.3864
98.1715 53.4876
98.2715 53.5151
98.3715 53.6409
98.4715 53.6043
98.5715 53.6334
98.6715 53.4214
98.7715 53.4919
98.8715 53.4903
98.9715 53.4235
99.0715 53.5128
99.1715 53.4799
99.2715 53.5472
99.3715 53.452
99.4715 53.4207
99.5715 53.3273
99.6715 53.2914
99.7715 53.333
99.8715 53.3114
99.9715 53.3508
